~~~ NIWA Tideda ~~~ JPS Ampang                              11-AUG-2020 10:21
~~~ PDAY ~~~  VER 1.9
Source is Z:\Datatideda\Datanegeri\Kelantan\WL_AUTOLOGGER.mtd
24 hour periods beginning at 8:00:00am each day.
Daily means        Year 1995        site 5621401 SG. SOKOR at KG. TEGAWAN, KELANTAN
Flow m3/s

     Day      Jan     Feb     Mar     Apr     May     Jun     Jul     Aug     Sep     Oct     Nov     Dec

       1      4.7     8.7     9.3     5.1     3.9     5.3     6.7     6.6     6.7    20.3     9.0       ?
       2     10.8     8.8    15.0     4.9     4.2     6.5     6.7     6.9     6.6    27.3     8.4       ?
       3     11.4     9.0    15.4     4.8     4.1     8.7     6.7     7.3     6.5    22.5     7.8       ?
       4     11.5     8.8    16.0     4.8     4.0    14.8     6.6     7.3     8.0    10.8    12.9       ?
       5     11.5     8.2    15.9     4.8     4.0    12.0     6.4     6.9     8.6    10.7    14.7       ?
       6     10.5     8.0     7.2     4.6     4.0     9.0     6.2     6.6     6.8    14.7    33.0       ?
       7      9.3     8.0     5.9     4.6     4.1     9.8     7.6     6.5     7.0    21.2    39.7       ?
       8      9.8     7.9     5.8     4.7     5.2     9.2    10.8     6.9     6.7    10.2     9.9       ?
       9     16.3     7.7     5.7     4.7     6.3     9.4    10.9     6.5     8.1     8.8    10.5       ?
      10     43.6     7.6     5.7     4.6     4.8     9.0     6.5     6.6     8.1     8.9    10.1       ?
      11     34.1     7.6     5.5     4.6     5.4    11.7     6.4     9.0     8.3     8.6     9.4       ?
      12     26.7     7.6     5.5     3.7     7.9    11.9     6.2     7.4     8.6     8.8     8.7       ?
      13     16.2     7.6     5.5     2.4     5.9    10.1     6.7     5.9     8.5     8.5     8.5       ?
      14     11.7     7.2     5.2     3.6     5.0    13.2    14.2    11.4     8.5     7.9     9.9       ?
      15     11.2     7.0     4.5     3.9     4.9    11.3    18.8    12.6     8.9     8.4    16.5       ?
      16     23.7     7.0     4.5     4.3     4.9     9.2     7.8     8.5    10.7     8.9    14.7       ?
      17     21.2     6.9     4.5     4.3     4.0    12.7     8.1     8.2    10.4     8.7    17.2       ?
      18     12.9     6.7     4.7     4.3     4.1    38.0     7.8     9.5     9.8     8.0    17.7       ?
      19     13.2     6.7     5.4     4.3     4.3    11.1     6.7     9.9     8.2     8.2    15.2       ?
      20     12.8     6.5     5.7     4.3     6.1     9.7     7.0    14.1     7.8     8.5    13.5       ?
      21     11.7     5.8     5.5     4.3     7.2    13.7     9.1    18.0     7.2     7.2    12.4       ?
      22     11.0     4.7     5.6     4.2     5.0    12.6    10.4    10.4     6.9     7.3    11.9    63.8
      23     10.5     5.7     5.7     4.1     5.0    10.5    11.2    10.9     6.4     7.7    14.7    75.4
      24     10.0     7.4     6.0     4.1     4.5     9.4    11.0    10.7     6.4     7.6    16.5    83.5
      25      9.8    10.5     6.2     4.0     4.2     9.0     9.3     9.9    10.4     7.6    15.4    91.6
      26     12.3    12.9     6.0     4.0     5.0     9.0     8.5     9.1    10.8     7.2    12.0    99.6
      27     10.6     7.9     6.0     4.3     5.5     8.3     9.4     8.4     8.6    15.0    10.9   107.7
      28      9.7     6.7     5.7     4.7     4.6     7.9     8.8     7.6    11.7    14.7       ?   108.2
      29      9.2             5.9     4.1     5.2     8.3     8.5     6.9    13.0     9.6       ?    89.4
      30      9.0             5.9     3.6     4.9     8.1     7.9     6.6    11.4    10.1       ?       ?
      31      8.9             4.7             4.1             7.2     6.6             9.6               ?

     Min      4.7     4.7     4.5     2.4     3.9     5.3     6.2     5.9     6.4     7.2     7.8    63.8       2.4
     Mean    14.1     7.7     7.0     4.3     4.9    11.0     8.6     8.7     8.5    11.1    14.1    89.9      11.0
     Max     43.6    12.9    16.0     5.1     7.9    38.0    18.8    18.0    13.0    27.3    39.7   108.2     108.2


Daily means        Year 1996        site 5621401 SG. SOKOR at KG. TEGAWAN, KELANTAN
Flow m3/s

     Day      Jan     Feb     Mar     Apr     May     Jun     Jul     Aug     Sep     Oct     Nov     Dec

       1        ?    11.5     5.5     3.8     4.6     4.0     4.1     4.8     3.7     6.9    14.4     8.6
       2        ?    14.1     5.5     3.8     4.0     4.7     4.3     4.8     3.6    10.7    18.4     8.4
       3        ?    13.7     5.5     4.2     3.9     5.5     4.7     4.1    12.4    11.6    13.5     9.9
       4        ?    12.6     5.5     4.3     3.5     4.4     4.1     4.1    13.5     7.8     8.5     9.4
       5        ?     9.5     5.5     4.3     3.0     4.3     3.2     4.8    13.2     8.8    10.3     8.0
       6        ?     8.8     5.2     4.3     3.2     5.0     0.9     4.9    17.8     9.9    12.1     7.8
       7        ?     7.9     4.5     4.2     4.4     7.1     2.9     4.3    15.3     8.0     9.4    10.5
       8        ?     7.8     4.5     4.1     5.8     9.8    15.4     4.2    10.8     8.1     8.2    45.2
       9        ?     7.9     4.7     4.1     9.1     6.1    23.5     3.9     8.6     9.5     8.4    28.2
      10        ?     7.9     5.2     4.0     5.6     6.2    14.9     6.4     8.8     7.7     8.8    13.6
      11        ?     7.7     5.2     4.0     4.3     4.8    13.3    42.4     9.2     8.0     8.9    40.4
      12        ?     7.4     5.2     4.0     3.7     5.4     8.3     3.2     8.1    10.1     8.6   100.4
      13        ?     6.9     5.2     3.9     4.1     7.4     5.4    10.6     7.9    14.6    10.4    59.1
      14        ?     6.6     5.2     3.8     5.0     6.3     4.8    10.6     6.9    22.6    12.3    38.6
      15        ?     6.5     5.2     3.8     5.1     4.8     6.3     6.3     9.6    15.5    11.6    28.2
      16        ?     6.4     5.1     3.8     4.7     6.0     8.2     6.6     7.4    15.9     9.8    21.3
      17      9.0     6.0     4.9     4.2     4.1     6.0    10.5     5.2     6.6    22.8     9.9    18.3
      18      8.7     6.7     4.8     4.6     4.1     4.9    10.7     1.5     9.7    11.7    11.7    17.4
      19      8.4     7.5     4.7     4.1     3.9     5.2     8.5     3.7     9.2    10.4     9.5    22.5
      20      8.1     6.5     4.6     3.9     3.5     5.5     7.4     9.5     7.4    10.8     8.7    30.2
      21      7.9     6.4     4.6     3.5     4.3     5.0     5.8    11.7    10.2     9.6     8.6    53.6
      22      7.8     6.0     4.6     3.2     3.7     4.8     6.1    10.5     9.5     8.5     8.4    68.0
      23      7.8     5.9     4.6     5.1     5.9     4.5     6.0     7.7     7.4     8.7     8.0    40.6
      24      7.8     5.9     5.2     6.4     4.1     7.7     5.0     8.5    10.3     9.4     8.2    26.7
      25      7.8     5.8     6.0     5.8     4.8     8.0     5.1     6.3    12.6    10.5     8.1    21.4
      26      8.5     5.7     5.2     4.6     8.1     5.0     5.4     5.5    10.1    14.2     7.9    18.9
      27     10.0     5.7     4.8     4.1     4.0     4.8     5.5     7.1     8.4    11.3    12.8    20.9
      28      9.7     5.6     4.6     3.9     4.2     4.8     4.8     6.4     7.4     9.3    16.8    15.2
      29      9.5     5.5     4.3     3.7     4.4     4.3     4.6     8.5     6.7     9.0     8.1    14.1
      30     10.0             3.6     4.0     4.3     4.1     4.7     6.7     6.5     8.4     9.8    13.0
      31      9.7             3.7             4.1             4.9     5.6             8.7            12.7

     Min      7.8     5.5     3.6     3.2     3.0     4.0     0.9     1.5     3.6     6.9     7.9     7.8       0.9
     Mean     8.7     7.7     4.9     4.2     4.6     5.5     7.1     7.4     9.3    10.9    10.3    26.8       9.0
     Max     10.0    14.1     6.0     6.4     9.1     9.8    23.5    42.4    17.8    22.8    18.4   100.4     100.4


Daily means        Year 1997        site 5621401 SG. SOKOR at KG. TEGAWAN, KELANTAN
Flow m3/s

     Day      Jan     Feb     Mar     Apr     May     Jun     Jul     Aug     Sep     Oct     Nov     Dec

       1     12.0     5.8     5.0     4.5     4.1     3.2     3.5       ?       ?       ?       ?     8.8
       2     11.3     5.7     4.9     4.7     4.0     3.6     5.0       ?       ?       ?       ?    15.3
       3     10.8     5.8     4.8     4.1     3.9     3.9     4.7       ?       ?       ?       ?    47.8
       4     10.5     5.9     4.7     4.1     3.8     3.8     3.7       ?       ?       ?       ?    82.0
       5     10.2     5.9     4.6     4.1     3.5     3.6     3.3       ?       ?       ?       ?    50.7
       6     10.0     5.8     4.3     5.4     3.9     4.4     8.0       ?       ?       ?       ?    37.2
       7     10.0     5.7     3.1    11.4     3.6     6.5    51.0       ?       ?       ?       ?    23.8
       8      9.3     5.6     3.3     5.8     3.8     7.2     6.3       ?       ?       ?       ?    18.1
       9      9.1     5.5     3.6     4.4     3.7     4.5     4.3       ?       ?       ?       ?    16.2
      10      8.9     5.5     3.6     4.5     3.5     4.4     6.4       ?       ?       ?       ?    15.1
      11      8.7     5.2     3.6     6.1     3.3     4.6     5.2       ?       ?       ?       ?    15.8
      12      8.2     5.9     3.9     6.9     3.4     3.4     4.3       ?       ?       ?       ?    19.7
      13      7.6     7.2     4.3     6.0     3.5     3.1     4.1       ?       ?       ?       ?    18.3
      14      8.1     5.8     4.3     4.6     3.4     3.1     4.1       ?       ?       ?       ?    23.7
      15      7.9     5.2     4.2     4.2     4.3     3.4     3.8       ?       ?       ?       ?    43.5
      16      7.8     5.9     4.1     4.1     5.3     3.3     3.2       ?       ?       ?       ?    69.2
      17      7.7     4.7     4.1     4.1     3.9     3.2     3.2       ?       ?       ?       ?    43.7
      18      7.2     5.2     4.0     4.2     3.4     3.6     3.2       ?       ?       ?       ?    63.4
      19      6.6     5.0     7.1     4.7     3.7     4.1    10.0       ?       ?       ?       ?    46.1
      20      7.1     5.3     9.0     4.3     3.9     4.2    13.9       ?       ?       ?       ?    28.2
      21      6.9     6.5     1.9     3.8     3.8     5.4     6.5       ?       ?       ?       ?    21.1
      22      6.9     6.8     1.7     2.8     3.8     7.0    10.9       ?       ?       ?       ?    18.1
      23      6.6     8.0     4.0     3.1     3.1     4.4    13.0       ?       ?       ?       ?    16.1
      24      6.5     8.6     4.1     4.2     3.1     3.8    11.3       ?       ?       ?       ?    13.7
      25      6.5     6.4     4.0     3.9     3.5     5.6    15.3       ?       ?       ?       ?    12.2
      26      6.1     5.6     4.0     4.8     3.3     8.4    12.0       ?       ?       ?       ?    11.3
      27      5.3     5.2     4.0     5.5     3.2     7.1     6.5       ?       ?       ?       ?    10.1
      28      5.6     5.1     4.7     4.6     3.2     4.7     5.3       ?       ?       ?       ?    10.6
      29      6.1             4.9     4.3     3.2     3.8     5.6       ?       ?       ?       ?    40.6
      30      6.0             4.5     4.6     3.2     3.3       ?       ?       ?       ?       ?    78.3
      31      5.9             4.2             3.2               ?       ?               ?            45.0

     Min      5.3     4.7     1.7     2.8     3.1     3.1     3.2       ?       ?       ?       ?     8.8       1.7
     Mean     8.0     5.9     4.3     4.8     3.6     4.5     8.2       ?       ?       ?       ?    31.1       8.9
     Max     12.0     8.6     9.0    11.4     5.3     8.4    51.0       ?       ?       ?       ?    82.0      82.0


Daily means        Year 1998        site 5621401 SG. SOKOR at KG. TEGAWAN, KELANTAN
Flow m3/s

     Day      Jan     Feb     Mar     Apr     May     Jun     Jul     Aug     Sep     Oct     Nov     Dec

       1     19.6     9.7     4.7     4.0     3.9     4.1     7.3     3.4     9.0     7.1    15.8     6.8
       2     15.1     9.2     4.8     4.0     4.4     4.1     6.3     3.8     8.9     7.1    28.5     7.0
       3     25.8     9.5     4.8     4.0     3.4     3.9     6.5     3.3     8.3     7.3    14.4     9.7
       4     21.1     7.7     4.8     3.9     3.3     3.9     6.4     3.1    11.1     7.1     3.2    10.0
       5     16.9     7.2     4.8     3.8     3.1     3.9     9.8     6.0     8.1     6.9     4.2    13.5
       6     15.6     6.9     4.8     3.8     3.5     3.8     9.3     8.7     8.7     6.5     9.1    21.0
       7     15.6     6.9     4.8     3.8     3.4     5.5    10.6     5.0     9.3     6.3     8.4    58.1
       8     15.4     6.7     4.8     3.8     3.4     5.0    10.4     5.3     6.8     6.6     7.8    40.4
       9     15.3     6.7     9.2     3.8     3.3     4.2     7.5     6.5     5.9     6.6     8.3    30.5
      10     13.6     6.6     6.4     3.8     3.2     4.8     6.5     4.2     5.3    10.5     8.1    22.4
      11     11.1     6.5     5.0     3.8     3.2     4.7     7.0     3.2     4.5    13.2     8.0    15.4
      12     12.1     6.5     5.0     3.9     3.4     5.5     8.9     4.1     8.4    10.9     7.9    21.6
      13     11.7     6.4     5.0     3.9     3.5     7.0     8.2     3.8     7.6     9.1     7.9    24.7
      14     11.1     6.3     4.9     3.8     3.1     7.3     7.7     5.2     5.6     7.6     7.9    17.9
      15     10.3     6.6     4.8     3.8     3.5     6.8     8.2     6.6     5.5     7.1     7.8    13.7
      16      9.7     7.1     4.7     3.5     3.5     5.6     5.4     4.6     6.0     7.2     7.4    14.2
      17     10.2     7.1     4.6     3.0     3.4     4.8     3.8     5.0     6.3     7.9     7.3    13.2
      18      9.9     6.9     4.6     3.0     3.3     5.1     3.6     5.9     9.9     7.7     7.3    14.0
      19      9.2     6.6     4.3     3.1     3.2     5.8     5.8     4.8    12.7     7.0     6.9    16.2
      20      8.7     6.5     3.6     3.5     3.3     8.1     6.0     5.3     9.2     7.2     6.9    13.8
      21      9.1     6.1     3.6     3.5     3.5     9.3     5.8     5.6     7.3     6.6     7.1    12.8
      22      8.7     5.2     3.9     3.6     3.5     6.4     5.9     7.8    10.7     6.2     6.9    12.7
      23      8.7     5.1     4.3     3.5     4.0     8.4     7.9     9.0     8.6     6.1    19.4    12.4
      24      8.3     5.0     4.3     3.0     4.9     8.1     5.3     5.4     8.9     6.8    25.0    11.7
      25      7.6     4.9     4.2     3.0     4.8     4.5     9.7     5.1     9.2     9.6    12.8    13.1
      26      8.3     4.8     4.1     3.4     4.9     2.4    10.8     4.9     8.3    11.6    12.5    18.6
      27      8.7     4.7     4.1     3.5     4.9     2.6     5.9     4.9     8.6    18.8     8.4    60.3
      28      9.1     4.6     4.1     3.4     4.7     7.0     5.6     5.1     9.2    18.9     6.0   122.8
      29     10.1             4.1     3.4     4.3     9.1     5.7     7.0     8.0    12.7     7.5   193.5
      30      9.7             4.2     3.4     4.1     7.4     5.7    10.4     7.4    11.5     5.8   168.8
      31      9.4             4.1             4.1             4.4     8.3            10.9           194.0

     Min      7.6     4.6     3.6     3.0     3.1     2.4     3.6     3.1     4.5     6.1     3.2     6.8       2.4
     Mean    12.1     6.6     4.7     3.6     3.7     5.6     7.0     5.5     8.1     8.9     9.8    38.9       9.6
     Max     25.8     9.7     9.2     4.0     4.9     9.3    10.8    10.4    12.7    18.9    28.5   194.0     194.0


Daily means        Year 1999        site 5621401 SG. SOKOR at KG. TEGAWAN, KELANTAN
Flow m3/s

     Day      Jan     Feb     Mar     Apr     May     Jun     Jul     Aug     Sep     Oct     Nov     Dec

       1    198.7    12.3    16.6     6.5     6.6    12.3    11.6     6.3     7.3     6.7     7.1    18.5
       2    137.4    13.1    11.7     8.2     6.6     8.2     8.9     6.0     7.5     6.9     6.7    16.3
       3     89.8    12.3     8.4    10.6     6.6     7.6     8.5     6.0     7.3     6.9     6.5    21.3
       4     46.9    10.6     8.0     9.2     6.5     7.0     8.4     5.8     6.8     6.7     6.3    37.8
       5     31.0    10.7     7.4     8.6     6.6     6.8     7.8     5.9     7.2     6.9     6.1    32.6
       6     25.8    11.1     9.1     8.1     6.9     6.7     7.6     6.6     8.2     7.0     6.2    22.9
       7     20.1    10.2    11.2     8.3     7.0     6.8     7.8     6.8    11.1     6.9     6.8    18.1
       8     17.9    10.2    10.6     9.0     7.1     7.0     7.1     6.6    11.4     7.1     6.6    16.9
       9     16.3    10.1     8.7     7.2     9.6     7.1     8.4     6.4    11.0     6.8     6.5    15.6
      10     14.8     9.9     8.5    10.1     9.5     7.6    10.1     6.0    11.2     6.8     6.5    16.4
      11     13.3    11.6     8.3    15.8     8.7    10.6     7.6     8.0    11.2     7.6     8.0    18.4
      12     12.5    14.5     8.0    16.5     7.3    16.5     6.7    12.6     8.4     7.8     8.2    30.3
      13     12.0    20.5     7.4    15.4     4.4    12.9     6.7     7.1     7.5     9.7     6.3    23.7
      14     11.6    23.5     7.1    11.1    12.4     8.0     6.6     5.3     7.2    12.1     6.3    22.8
      15     11.6    12.6     6.7    10.3    18.8     7.4     6.9     5.5     6.9     9.2     6.6    19.2
      16     12.7    10.9     6.6     8.8     7.8     8.8     7.1     7.1     6.7     6.0     6.9    13.9
      17     14.8     9.8     6.6     7.6     9.3     8.7     6.7     3.8     8.7     7.6     6.9    13.0
      18     18.0    11.2     6.6     7.8     9.2     7.0     7.2     9.6     7.7    10.5    13.2    12.5
      19     18.1    13.4     6.7     7.6     7.4     6.7     8.2     5.9     8.2    11.6    33.8    17.1
      20     14.1     9.2     7.7    26.0     7.2     6.8     7.5     5.6     9.1     9.1    14.9    14.3
      21     13.3     9.0     8.9    19.3    10.7     7.0     6.6     7.5    11.6     7.4    16.8    17.2
      22     19.4     8.8     7.4    10.4    15.3     6.9     6.2     7.1     9.1     6.9    23.2    32.4
      23     40.6     8.7     6.7     7.9    10.5     6.8     5.8     7.5     8.1     7.1     9.5    38.9
      24     56.1     8.5     6.6     7.9     6.6     6.7     6.2     6.6     7.6     6.7    11.2    23.9
      25     65.4     8.3     8.6     7.7     9.8     7.9     6.0     8.7     7.6     6.6    10.6    16.0
      26     64.7     7.8     9.4     7.7    10.0    10.5     5.8    13.1     6.9     7.0    10.0    13.0
      27     40.6     7.4     8.8     7.5     8.2    13.7     6.2    16.3     7.1     7.6     8.9    11.4
      28     16.2     9.7     7.8     7.2     5.9    15.5     6.1    19.3     7.6     7.8    10.5    11.3
      29     15.8             7.3     6.9     7.6    14.4     5.9    14.2     7.2     9.1    17.8    11.5
      30     23.9             6.6     6.7     7.5    13.9     5.8    10.3     6.7     8.3    23.3    11.3
      31     20.6             6.6            10.3             6.0     8.3             7.6            13.2

     Min     11.6     7.4     6.6     6.5     4.4     6.7     5.8     3.8     6.7     6.0     6.1    11.3       3.8
     Mean    35.9    11.3     8.3    10.1     8.6     9.1     7.2     8.1     8.3     7.8    10.6    19.4      12.1
     Max    198.7    23.5    16.6    26.0    18.8    16.5    11.6    19.3    11.6    12.1    33.8    38.9     198.7


Daily means        Year 2000        site 5621401 SG. SOKOR at KG. TEGAWAN, KELANTAN
Flow m3/s

     Day      Jan     Feb     Mar     Apr     May     Jun     Jul     Aug     Sep     Oct     Nov     Dec

       1     25.8    18.4    41.0    11.7    11.3    11.5    10.0     8.0     7.8    11.5    10.0    17.4
       2     56.1    15.5    48.1    10.6    10.3    10.8     9.3     7.2    12.0     9.4     9.3    16.0
       3    147.6    15.0    12.4    10.5    12.1    10.5     9.0     6.8    14.4    14.3     8.7    16.5
       4    113.1    14.7    11.4    10.3    12.8    15.8     8.6     8.7     9.9    24.8     8.2    15.8
       5     79.2    14.7    10.5    29.3    21.9    15.5     8.2     9.8     8.3    23.1    18.3    15.5
       6     36.4    15.1    10.3    48.3    27.7     9.9     8.2     9.5     8.2    21.3    17.7    14.9
       7     28.2    14.7    12.9     9.2    16.7     9.9     8.2    18.2     8.2    18.7    10.0    13.8
       8     25.7    13.9    18.4     9.7    15.4    11.5     8.0    18.6     7.7    11.8     9.3    13.4
       9     28.2    12.0    11.6    10.6    16.1    12.5     7.9     9.8    11.6    10.8     8.8    13.2
      10     24.6    11.3    11.7    10.4    13.7    10.4     8.0     5.7    11.9    10.1     9.0    13.2
      11     21.6    10.8    11.1    14.0    11.8    11.1     8.0     8.4     8.8     9.3     9.0    12.9
      12     20.1    10.6    10.5    19.7    11.6    10.9     7.8     8.8     9.4     9.0     8.0    11.9
      13     19.2    10.4    17.1    17.8    11.3     9.5     7.8    11.3    10.3     9.0     8.4    11.5
      14     18.1    10.6    27.1    15.8    10.7    18.8     7.8    16.4    14.6     9.0    13.6    11.8
      15     16.8    10.4    12.2    10.6     9.8    16.3     7.6    15.7    21.3     8.6    22.1    12.0
      16     15.6    10.2    10.6    10.3     9.4    10.6     7.6    10.6    13.5     8.4    21.6    14.7
      17     15.9    10.4    10.1     9.9     9.5     9.9     7.6    10.3     9.2    24.0    18.6    38.4
      18     14.7    12.3     9.7     9.5     9.3     9.3     7.2    10.2     9.6    25.2    14.6    40.3
      19     13.9    12.1     8.8    20.0    11.3     9.1     6.9     9.5     9.4    17.1    23.6    37.8
      20     13.9    11.3     9.6    18.9    10.7     9.1     8.3     8.0     9.1    11.0    27.5    27.4
      21     13.8    10.1     9.6    11.4    10.4     9.3     9.2     7.8     9.2    10.8    62.9    22.9
      22     13.2    10.1     9.5     9.5     8.9     9.2     9.9     8.1     8.8    10.6   270.8    28.6
      23     12.9     9.9     9.2    10.0     9.3     9.4     8.5     7.9     8.1    10.4   105.8    22.5
      24     13.1     9.3     9.0    13.6     9.3     9.3     8.0     8.0     8.3     9.9    40.9    18.6
      25     14.8     9.2     9.1    11.0    10.0     9.0     7.7     7.8     8.6     8.8    39.8    15.2
      26     17.2    10.8    10.6    10.6    10.7     9.0     7.8     7.8     8.0     8.9    37.2    13.0
      27     19.2    13.1    18.9    10.6    10.3    13.0     7.7     7.6     8.0     8.2    38.7    13.4
      28     23.7    13.2    28.1    10.0    10.4    13.0     7.6     9.7     8.0    18.3    23.3    17.0
      29     18.9    12.1    19.9     9.3     9.8    11.3     7.8     9.7     8.1    25.8    20.5    22.0
      30     22.7            19.5     9.7     9.1    10.6     7.8     8.2    11.6    11.4    18.2    17.4
      31     30.3            14.4             9.7             7.8     7.1             9.5            15.3

     Min     12.9     9.2     8.8     9.2     8.9     9.0     6.9     5.7     7.7     8.2     8.0    11.5       5.7
     Mean    30.1    12.1    15.3    13.7    12.0    11.2     8.1     9.7    10.1    13.5    31.1    18.5      15.5
     Max    147.6    18.4    48.1    48.3    27.7    18.8    10.0    18.6    21.3    25.8   270.8    40.3     270.8


Daily means        Year 2001        site 5621401 SG. SOKOR at KG. TEGAWAN, KELANTAN
Flow m3/s

     Day      Jan     Feb     Mar     Apr     May     Jun     Jul     Aug     Sep     Oct     Nov     Dec

       1     12.6     8.5     4.6     5.4     4.8     5.2     4.2     3.5     5.5     4.4    12.4     6.8
       2      9.5     8.2     4.7     5.7     4.5     5.6     4.1     3.8     5.4     4.8    11.5     6.9
       3      8.9     8.1     4.6     5.5     4.0     4.6     4.1     5.5     5.2     4.8    10.7     6.1
       4      9.1     7.9     4.7     5.4     3.3     6.3     4.1     5.3     4.9     4.4     9.8     5.8
       5     13.1     7.8     5.4     5.5     5.3     9.8     4.1     5.3     4.5     6.9     9.0     5.7
       6     17.8     7.4     5.5     6.3     4.8     9.5     4.2     4.3     4.2     7.8     8.1     5.9
       7     10.0     7.0     5.2     5.6     4.5    12.0     4.0     5.4     4.1     9.3     7.3     6.0
       8      9.5     7.4     4.9     5.1     5.1    11.9     3.9     5.7     4.0     5.2     6.5     5.7
       9      6.2     7.2     4.7     4.9     5.2     7.0     3.8     5.0     7.1     4.6     6.3     5.1
      10      1.1     6.7     4.3     4.8     5.4     8.0     3.9     5.3    11.6     6.2     6.2     4.7
      11      2.7     6.4     5.2     3.9     5.4     8.0     3.7     4.5     7.8     5.3     5.5     5.0
      12      6.4     6.4     6.0     4.3     5.6     6.4     4.0     3.8     5.3     5.5     6.1     4.9
      13      7.8     7.9     5.5     5.8     4.8     5.8     4.0     4.6     4.9     4.5     9.2     4.9
      14     13.3    17.3     5.1     5.1     4.8     5.0     4.0     3.9     4.7     4.6    13.0     7.0
      15     14.4    10.0    11.2     4.8     6.6     4.7     4.4     3.6     4.5     4.9    16.3    29.7
      16     13.2     7.9    16.5     4.7     6.1     5.0     4.3     3.3     4.1     4.1    12.1    67.4
      17     12.1     5.9    12.5     4.5     4.6     4.9     3.5     3.3     3.9     7.5    30.5    39.0
      18     80.8     5.6     5.9     4.2     4.9     5.0     3.8     3.1     4.0    12.5    31.6    29.5
      19     59.4     5.4     6.2     4.0     4.4     4.8     4.2     3.0     4.2    12.8    23.7    24.3
      20     36.7     5.4     6.0     4.0     4.2     4.7     4.0     3.0     4.8    15.8    14.7    20.1
      21     25.8     5.4     5.6     4.1    31.5     4.7     3.9     2.8     4.2    17.0    11.7    20.6
      22     23.0     5.0     5.4     4.1    20.6     4.7     4.4     3.3     4.1    10.8    10.3    57.6
      23     19.2     4.7     5.5     3.8    24.1     4.6     5.0     3.4     4.7    14.8     8.5   102.9
      24     15.2     4.8     5.6     3.7    24.1     4.3     3.9     3.2     7.0    23.2     7.7   128.6
      25     13.9     5.0     5.4     3.7    18.1     3.8     3.8     3.3    12.4    18.4     7.0    95.7
      26     13.0     4.9     5.6     3.6    17.8     4.0     4.3     3.1    17.7    13.0     7.5    30.7
      27     11.7     4.8     5.6     3.8    23.4     4.3     3.8     3.0    13.1    11.7     7.0    19.3
      28     10.9     4.7     5.6     7.1    24.5     4.2     4.2     3.0     7.2     9.0     6.9    36.8
      29     10.4             5.4     9.3    25.5     4.2     4.0     3.2     5.2    10.2     6.9    61.7
      30      9.6             5.4     4.8    18.5     4.2     3.5     3.1     4.6    10.2     6.7    56.1
      31      8.9             5.5            13.6             3.3     3.9            12.8            42.6

     Min      1.1     4.7     4.3     3.6     3.3     3.8     3.3     2.8     3.9     4.1     5.5     4.7       1.1
     Mean    16.3     6.9     6.1     4.9    11.0     5.9     4.0     3.9     6.2     9.3    11.0    30.4       9.7
     Max     80.8    17.3    16.5     9.3    31.5    12.0     5.0     5.7    17.7    23.2    31.6   128.6     128.6


Daily means        Year 2002        site 5621401 SG. SOKOR at KG. TEGAWAN, KELANTAN
Flow m3/s

     Day      Jan     Feb     Mar     Apr     May     Jun     Jul     Aug     Sep     Oct     Nov     Dec

       1     42.6     6.3     7.6     3.0     2.3    23.0     4.8     4.9     2.9       ?    22.9       ?
       2     33.1     6.8     8.4     2.9     2.7    16.6     3.7     6.3     2.7       ?     6.9       ?
       3     26.1     7.1     7.9     2.9     2.6     8.2     3.2     3.8     2.8       ?     5.9       ?
       4     21.7     5.7     9.3     2.9     2.2     7.0     3.6    13.1     3.4       ?     5.9       ?
       5     20.2     5.1     7.4     2.9     2.3     7.1     3.3    20.2     4.6       ?     5.9       ?
       6     18.8     5.8     4.1     2.9     3.0    15.6     2.9     6.8     3.5       ?     5.7       ?
       7     17.5     7.6     5.3     2.8     5.6     5.6     2.8     8.0     3.2       ?     5.3       ?
       8     16.4     7.8     5.0     2.8     5.9     4.6     2.9     7.7     3.4       ?     4.8       ?
       9     15.8     9.1     5.8     3.3     3.5     3.8     3.2     7.4     3.0       ?     6.1       ?
      10     15.1     9.4     7.4     3.7     2.9     3.8     3.5     6.1     3.3       ?     7.1       ?
      11     13.2     9.5     5.5     2.9     2.7     3.7     3.1     4.8     3.2       ?     6.0       ?
      12     13.1     9.6     5.5     2.8     2.8     4.5     3.1     8.4     2.5       ?     6.2       ?
      13     13.2     9.7     5.0     2.8     2.9     7.7     3.3    11.2     2.7       ?     6.1       ?
      14     12.7     9.7     4.3     2.7     2.8    18.4     3.9     4.9     3.1       ?     5.8       ?
      15     11.1     8.2     5.4     2.8     2.7    12.1     3.0     4.6     3.1       ?     4.9       ?
      16      9.6     6.2     6.8     2.9     2.6     4.6     2.8     4.2     2.9       ?     5.1       ?
      17      9.7     5.8     6.9     2.8     2.3     5.7     5.1     4.9     3.2       ?     4.9       ?
      18      9.4     5.8     6.2     2.7     2.3     4.6     6.0     3.7     3.3       ?     7.5       ?
      19      9.4     6.6     5.3     2.7     2.3     3.8     3.4     3.7     3.5       ?    20.1       ?
      20     10.5     3.7     6.9     2.7     2.3     4.2     3.5     3.2    12.9       ?    13.8       ?
      21      9.9     4.1     6.1     2.6     2.5     3.7     4.0     3.2    19.2       ?    12.1       ?
      22      9.0     5.2     5.1     2.4     3.7     3.6     3.6     3.8     8.3       ?    11.0       ?
      23      7.8     6.0     6.4     2.4     4.7     2.8     3.2     3.8     5.6       ?    10.0       ?
      24      7.8     5.5     6.1     2.4     3.6     2.8     3.4     3.5     8.8       ?     9.9       ?
      25      7.9     7.1     4.9     2.3     6.8     2.9     4.1     3.2    13.0       ?     7.6       ?
      26      8.6     8.4     3.3     2.4     7.0     3.0     4.5     2.7     6.0       ?     7.5       ?
      27      7.7     8.3     3.1     2.3     4.2     4.6     3.6     2.8     4.6       ?     5.8       ?
      28      6.6     7.2     3.1     2.5     2.9     5.9     7.5     3.7     4.2       ?     5.7       ?
      29      6.0             2.9     2.2     2.7     4.1    10.7     3.4     3.8       ?     6.3       ?
      30      6.0             3.1     2.0     2.6     4.1     5.4     7.5       ?       ?       ?       ?
      31      6.2             3.1             6.8             3.6     9.5               ?               ?

     Min      6.0     3.7     2.9     2.0     2.2     2.8     2.8     2.7     2.5       ?     4.8       ?       2.0
     Mean    13.6     7.0     5.6     2.7     3.4     6.7     4.0     6.0     5.1       ?     8.0       ?       6.2
     Max     42.6     9.7     9.3     3.7     7.0    23.0    10.7    20.2    19.2       ?    22.9       ?      42.6


Daily means        Year 2003        site 5621401 SG. SOKOR at KG. TEGAWAN, KELANTAN
Flow m3/s

     Day      Jan     Feb     Mar     Apr     May     Jun     Jul     Aug     Sep     Oct     Nov     Dec

       1      5.3     5.7     4.0    14.0     6.4     6.5       ?    13.5     7.3    11.1    11.3    65.1
       2      5.2     5.7     4.3    19.7     7.0     6.4       ?    12.4     7.6    14.4    10.8   125.1
       3      4.9     5.3     4.4    11.9     7.7     6.3       ?     8.0     7.0    13.7    10.6    92.2
       4      4.5     5.7     4.4     8.7     6.7     6.0       ?     7.2     6.7    13.7    10.5    48.0
       5      4.5     5.6     4.4     7.8     7.4     5.5       ?     6.2     7.1    15.0    10.6    19.2
       6      4.5     5.4     4.3     6.7     6.5     5.5       ?     6.8     8.6    15.4    10.0    18.2
       7      4.5     5.5     4.3     6.7     7.3     6.4       ?     8.0     8.1    18.2     9.3    43.6
       8      4.5     5.3     4.3     7.0     7.1     7.5       ?     7.0     7.8    25.2    10.2    87.7
       9      4.5     5.3     4.3     7.4     6.4     6.3       ?     8.2     8.0    25.5    12.3       ?
      10     12.9     5.2     4.4     7.3     6.3     6.5       ?     6.8     8.2    17.9    14.3       ?
      11     20.6     5.4     4.6     7.2     7.3     6.6       ?     9.3     7.7    15.2    11.0       ?
      12      9.6     5.8     4.7     7.2     9.7     6.4       ?    12.2     7.2    14.7    15.6       ?
      13     12.8     5.5     8.0     7.0     7.6     6.7       ?     8.9     7.1    13.9    16.6       ?
      14     31.9     5.4     5.0     6.6     7.1     6.9       ?    23.1     7.8    13.3    11.5       ?
      15     33.5     5.4     4.4     6.0     7.2     6.4       ?    40.4     9.3    13.1    11.2       ?
      16     34.1     5.4     4.3     6.0     6.5     6.7       ?    10.4     7.4    12.2    11.0       ?
      17     33.6     5.3     4.3     6.0     6.7     7.1       ?    10.4     8.0    11.5    10.5       ?
      18     38.5     4.9     4.3     6.0     6.5     6.8       ?    10.9     7.0    10.6    13.9       ?
      19     31.1     4.7     4.3     6.0     6.6     6.3       ?    10.1     7.1    10.7    13.7       ?
      20     17.7     4.9     4.3     6.0     6.4     5.8       ?     8.7     7.8    10.5    10.3       ?
      21     10.1     4.9     4.2     6.0     6.8     6.5       ?     8.3     7.4    10.5    10.6       ?
      22      9.0     4.8     4.2     6.2     7.3     8.3       ?     8.0     7.5    10.8    10.6       ?
      23      7.6     4.8     4.3     6.6     6.6     7.9       ?     7.8     8.5    10.6    10.5       ?
      24      6.9     4.7     4.4     6.6     6.5     6.4       ?     7.5     8.7    10.5    10.2    17.8
      25      7.4     4.7     4.3     6.5     6.8     6.5       ?     6.9     9.9    10.3    12.0    16.9
      26      7.4     4.6     5.7     6.4     7.2     6.5       ?     7.3    10.6    10.2    13.8    15.3
      27      6.7     4.6    10.4     6.4     6.5     6.8       ?     7.3    10.4    10.2    13.3    14.8
      28      8.5     4.4    11.8     6.4     6.3     7.8       ?     7.2    10.1    10.5    30.7    14.6
      29     14.5             8.5     6.3     6.3     7.7       ?     6.9     8.7    10.7    35.3    15.7
      30     21.9             8.1     6.3     6.3       ?       ?     7.2     8.7    12.0    51.8    18.3
      31      8.3             8.9             6.3               ?     7.6            11.9            14.7

     Min      4.5     4.4     4.0     6.0     6.3     5.5       ?     6.2     6.7    10.2     9.3    14.6       4.0
     Mean    13.8     5.2     5.4     7.5     6.9     6.7       ?    10.0     8.1    13.3    14.5    39.2      10.7
     Max     38.5     5.8    11.8    19.7     9.7     8.3       ?    40.4    10.6    25.5    51.8   125.1     125.1


Daily means        Year 2004        site 5621401 SG. SOKOR at KG. TEGAWAN, KELANTAN
Flow m3/s

     Day      Jan     Feb     Mar     Apr     May     Jun     Jul     Aug     Sep     Oct     Nov     Dec

       1     13.2    14.7     9.8     8.3     8.0     6.9     6.5    12.5    10.5    10.4    33.9       ?
       2     13.2    28.0     9.6     8.3     8.1     6.9     6.5     9.5     8.4     8.9    26.1       ?
       3     12.4    24.8     9.4     8.3     7.5     7.3     6.5     7.4    10.0     8.7    17.8       ?
       4     12.3    14.7     9.1     8.3     8.2     7.2     6.7     7.3     7.8     8.0    19.2       ?
       5     12.5    14.3     9.1     8.2     8.3     8.5     8.9     6.8     7.5     9.1    25.2       ?
       6     12.3    13.8     9.0     8.0     7.2     8.7     6.9     6.7     9.0     9.9    24.5       ?
       7     12.2    13.4     8.9     7.8    24.4     8.6     6.5     7.8     7.9     9.8    17.5       ?
       8     12.2    12.7    10.5     7.8    10.4     8.9     6.4     6.8     7.3    10.0    14.2       ?
       9     12.4    12.3    11.3     7.9     8.4     7.3     6.5     6.6     7.1     8.5       ?       ?
      10     12.1    12.9    10.2     7.9     8.4     7.2     7.1     6.5     9.4     8.4       ?       ?
      11     12.1    13.4     9.9     7.8     8.8     7.1     8.2     6.5     7.7     8.4       ?       ?
      12     12.0    12.0     9.3     7.9     7.9     7.1     7.7     6.9     7.1     9.4       ?       ?
      13     12.2    11.5     9.2     7.7     7.8     7.3     6.8     7.4     7.0    11.0       ?       ?
      14     12.4    11.3     9.2     7.8     7.7     7.1     6.5     8.2     7.9    15.6       ?       ?
      15     11.7    11.5     9.2     7.8     7.3     7.0     6.4    10.2    14.7    13.3       ?       ?
      16     11.5    11.3     9.5     9.2     7.2     6.9     6.4     8.6    20.8     9.8       ?       ?
      17     11.4    11.1    10.4     9.0     7.2     6.9     8.5     7.1    10.0     9.2       ?       ?
      18     11.3    10.9     9.0     8.3     7.2     6.9    10.2     6.8    10.4     9.8       ?       ?
      19     10.8    10.7     8.9     7.7     7.1     6.8     8.7     6.7     9.7     9.9       ?       ?
      20     10.3    10.6     9.0     7.4     7.1     6.7     9.5     6.7     9.4    11.2       ?       ?
      21     10.8    10.6    11.6     7.2     7.1     6.6     7.4     6.6     8.9     9.0       ?       ?
      22     10.8    10.4    10.6     7.0     7.2     7.2     7.1     6.7     8.0     8.6       ?       ?
      23     10.7    10.5     9.3     7.0     8.0     6.7     7.0     7.4     8.0    10.3       ?       ?
      24     10.6    10.3     9.0     7.1     8.1     6.7     7.0     8.7     8.0     9.9       ?       ?
      25     10.4    10.1     9.1     7.1     7.5     6.6     7.6     8.1     7.6    11.3       ?       ?
      26     10.4    10.0     9.2     7.0     8.2     6.6    10.1    12.7     8.1    18.2       ?       ?
      27     12.1     9.9     8.7     7.0     7.3     6.5     8.0    18.4    10.2    48.7       ?       ?
      28     71.7     9.8     8.8     7.0     7.0     6.5     8.6    11.0     8.1    32.3       ?       ?
      29    159.4     9.7     8.5     7.8     7.0     6.5     9.5     8.8     8.9    17.1       ?    12.2
      30    129.8             8.4     7.4     7.0     6.5     8.1     8.3    10.2    56.1       ?    12.2
      31     39.3             8.4             6.9             7.5    10.2            36.1            13.7

     Min     10.3     9.7     8.4     7.0     6.9     6.5     6.4     6.5     7.0     8.0    14.2    12.2       6.4
     Mean    23.1    12.7     9.4     7.8     8.2     7.1     7.6     8.4     9.2    14.7    22.3    12.7      11.1
     Max    159.4    28.0    11.6     9.2    24.4     8.9    10.2    18.4    20.8    56.1    33.9    13.7     159.4


Daily means        Year 2005        site 5621401 SG. SOKOR at KG. TEGAWAN, KELANTAN
Flow m3/s

     Day      Jan     Feb     Mar     Apr     May     Jun     Jul     Aug     Sep     Oct     Nov     Dec

       1     12.4     9.3     7.6     7.0     4.6     8.1     9.6    11.8     8.8     8.1    17.1       ?
       2     12.6     9.8     7.6     6.9     4.4     6.4    10.0    16.1     9.2     8.8    14.2       ?
       3     12.2     9.6     7.6     6.9     4.4     5.2     9.5     8.8     9.5     8.8    16.1       ?
       4     11.3     9.3     8.4     6.9     4.4    18.5     9.4     9.5    15.8    10.0    21.0       ?
       5     11.0     9.2     8.3     6.8     4.5    43.6     9.5     8.1    14.1    10.2    31.8       ?
       6     10.8     9.1     7.8     6.4     4.9    19.5     9.0     7.4    10.7     9.4    51.7       ?
       7     10.7     8.9     7.8     6.0    13.4     9.7     9.0     7.4    14.9    11.8    25.2       ?
       8     12.9     8.8     7.8     6.6    25.9     9.9     9.1     7.8    16.2    15.3    31.4       ?
       9     12.1     8.7     7.7     8.6    12.0    11.1     9.1     7.3    10.8    11.1    21.6       ?
      10     11.1     8.6     7.7     6.3     7.7     8.0     8.9     7.0    10.1    11.1    17.9       ?
      11     10.7     8.4     7.5     5.8     6.3     6.9     9.3    10.9    11.3    11.4    15.8       ?
      12     10.5     8.3     7.5     5.6     5.9     6.6    11.1    10.5    10.6    10.2    17.6       ?
      13     10.4     8.3     7.4     5.5     6.7     6.3     9.5     9.6     9.4     9.6    20.2       ?
      14     10.2     8.3     7.4     5.4     7.1     9.8     8.6     8.4     9.4     9.0    21.7       ?
      15     10.3     8.3     7.3     5.5     6.8    13.3     8.0     8.3    10.0     9.5    21.7       ?
      16     10.1     8.3     7.3     5.6     6.8     8.1     7.6     8.4     9.7    16.2    29.1       ?
      17     10.0     8.2     7.2     5.7     6.4     8.6     7.3    12.1     8.8    13.7    16.5   150.6
      18     10.0     8.1     7.1     5.6     7.8    13.2     8.6    13.1     8.7     9.9    15.5   153.0
      19      9.9     8.1     7.2     5.5    10.7     9.7     9.5     9.8     9.0    10.7    34.2   119.7
      20      9.9     8.1     7.2     5.2     8.5    11.1     9.2     8.8    10.0    11.4    34.8   107.9
      21      9.8     8.2     7.1     4.9     5.0    10.8     9.8    10.2    11.1    11.4    30.3    28.1
      22      9.9     8.1     7.1     5.6     6.9    12.8     8.2     9.1    11.2    10.4    94.1   138.6
      23      9.9     8.1     7.0     4.8     8.3    12.6     8.0     8.6     9.5    13.5   315.8   115.8
      24      9.8     8.1     7.0     4.8     7.0     9.7     7.9    12.3     9.7    19.8   190.1    93.7
      25      9.7     8.0     7.0     4.9     9.9     8.9     7.8    12.9     9.5    11.4    78.6    83.7
      26      9.8     8.0     6.9     4.9    10.2     9.8     7.7     9.7     8.7    10.5    43.1    48.3
      27     10.0     7.9     7.0     5.0     6.0    10.7     7.3     8.8     8.9    16.1    31.9    29.5
      28      9.8     7.8     7.1     4.9     7.5    11.2     7.1    10.4     8.4    14.6       ?    20.3
      29      9.4             7.1     4.8     8.8    12.0     7.1    10.5     8.0    16.3       ?    15.5
      30      9.2             7.1     4.8     6.5     9.4     7.3    10.8     7.8    16.9       ?    12.6
      31      9.3             7.1             6.5            10.2     9.1            21.4            11.3

     Min      9.2     7.8     6.9     4.8     4.4     5.2     7.1     7.0     7.8     8.1    14.2    11.3       4.4
     Mean    10.5     8.5     7.4     5.8     7.8    11.4     8.7     9.8    10.3    12.2    46.6    75.2      15.0
     Max     12.9     9.8     8.4     8.6    25.9    43.6    11.1    16.1    16.2    21.4   315.8   153.0     315.8


Daily means        Year 2006        site 5621401 SG. SOKOR at KG. TEGAWAN, KELANTAN
Flow m3/s

     Day      Jan     Feb     Mar     Apr     May     Jun     Jul     Aug     Sep     Oct     Nov     Dec

       1     10.6    11.8    13.3    10.2    12.9    12.4     9.0       ?       ?       ?       ?       ?
       2     14.8    11.9    13.0    10.0    12.7    11.4     8.8       ?       ?       ?       ?       ?
       3     21.1    11.6    13.0    10.0     9.2    10.5     8.8       ?       ?       ?       ?       ?
       4     51.6    11.5    12.9     9.9     8.9    10.0     8.7       ?       ?       ?       ?       ?
       5     25.9    11.4    12.5     9.8     9.0     9.7     8.5       ?       ?       ?       ?       ?
       6     14.6    10.3    12.3     9.6     8.9     9.6     8.4       ?       ?       ?       ?       ?
       7     35.4    10.0    12.2     9.4     9.5     9.8     8.4       ?       ?       ?       ?       ?
       8     41.6    10.1    12.2    10.2     9.7    11.4     8.4       ?       ?       ?       ?       ?
       9     21.8    11.7    12.1     9.8     8.9    10.5    10.4       ?       ?       ?       ?       ?
      10        ?    79.7    12.0     9.3     8.8    10.2    10.0       ?       ?       ?       ?       ?
      11        ?   266.2    11.8     9.1     9.2    11.0     8.6       ?       ?       ?       ?       ?
      12        ?   237.7    11.6     8.9     9.2    12.8     8.5       ?       ?       ?       ?       ?
      13        ?   201.7    11.5     8.8     8.7    16.8     9.5       ?       ?       ?       ?       ?
      14        ?    93.8    11.6     8.7     9.8    16.6     9.3       ?       ?       ?       ?       ?
      15        ?    42.5    11.6     9.0    12.3    13.5     8.4       ?       ?       ?       ?       ?
      16        ?    29.1    11.6     8.7    11.8    13.2     8.2       ?       ?       ?       ?       ?
      17     15.9    23.5    11.7     8.5    13.6    21.7     8.1       ?       ?       ?       ?       ?
      18     15.3    20.8    11.8     9.1    15.9    14.0     8.7       ?       ?       ?       ?       ?
      19     14.8    19.3    11.8     9.9    10.7    12.4    14.2       ?       ?       ?       ?       ?
      20     14.5    17.9    11.9     9.2    10.2    12.6    16.7       ?       ?       ?       ?       ?
      21     14.2    17.4    11.9     8.6    10.1    11.1    14.3       ?       ?       ?       ?       ?
      22     13.9    16.8    12.0     8.4     9.7    11.4     9.8       ?       ?       ?       ?       ?
      23     13.6    16.2    11.9     8.7     9.8    12.8     9.1       ?       ?       ?       ?       ?
      24     13.2    15.3    12.0     8.7     9.6    12.4     9.4       ?       ?       ?       ?       ?
      25     13.1    14.6    12.0     8.5    10.3    11.5     8.8       ?       ?       ?       ?       ?
      26     12.9    14.4    12.1     8.6    45.3    10.2     9.7       ?       ?       ?       ?       ?
      27     12.7    14.0    11.9     8.7    18.7    10.0       ?       ?       ?       ?       ?       ?
      28     12.4    13.4    11.1     8.4    23.2     9.5       ?       ?       ?       ?       ?       ?
      29     12.2            10.7     8.3    15.9     9.4       ?       ?       ?       ?       ?       ?
      30     12.0            10.6     8.6    12.1     9.2       ?       ?       ?       ?       ?       ?
      31     11.9            10.4            11.8               ?       ?               ?               ?

     Min     10.6    10.0    10.4     8.3     8.7     9.2     8.1       ?       ?       ?       ?       ?       8.1
     Mean    18.3    44.8    11.9     9.1    12.5    11.9     9.6       ?       ?       ?       ?       ?      16.7
     Max     51.6   266.2    13.3    10.2    45.3    21.7    16.7       ?       ?       ?       ?       ?     266.2




Daily means        Year 2008        site 5621401 SG. SOKOR at KG. TEGAWAN, KELANTAN
Flow m3/s

     Day      Jan     Feb     Mar     Apr     May     Jun     Jul     Aug     Sep     Oct     Nov     Dec

       1        ?       ?     6.8       ?     7.7     8.5     8.4     7.3       ?       ?     7.5       ?
       2        ?       ?     6.7       ?     7.8     8.3     7.6     7.2       ?       ?     7.4       ?
       3        ?       ?     6.6       ?     7.8     7.9     7.9     7.1       ?       ?     7.3       ?
       4        ?       ?     6.5       ?     7.8     7.8     7.6     7.0       ?       ?     7.4       ?
       5        ?       ?     6.5       ?     7.8     7.8     6.9     6.9       ?       ?     7.5       ?
       6        ?       ?     6.3       ?     7.7     7.5     9.1     7.4       ?       ?     7.4       ?
       7        ?       ?     6.2       ?     7.8     7.4     7.7     8.4       ?       ?     7.9       ?
       8        ?       ?     6.5       ?     7.8     7.4     7.3     7.3       ?       ?    22.8       ?
       9        ?       ?     6.9       ?     7.9     6.4     8.1     7.3       ?       ?    13.5       ?
      10        ?       ?     6.7       ?     7.9     8.2     8.1    10.3       ?       ?    23.3       ?
      11        ?       ?     6.4     7.8     7.8     7.3     8.0    11.1       ?       ?    30.4       ?
      12        ?    31.2     6.2     7.8     7.7     8.1     7.9     9.7       ?       ?    18.1       ?
      13        ?    32.0     6.2     7.8     7.5     7.5     8.0     9.6       ?       ?       ?       ?
      14        ?    35.6     6.3     7.9     7.4     8.0     7.6     8.7       ?     8.7       ?       ?
      15        ?    28.4     7.3     7.9     7.2     8.4     8.5     7.6       ?     8.1       ?       ?
      16        ?    13.7     7.7     7.8     7.1     8.0     8.2     7.6       ?     7.7       ?       ?
      17        ?     9.0     7.0     7.8     7.1     7.7     7.5     8.1       ?     7.5       ?       ?
      18        ?     8.1     6.7     7.8     7.1     7.0     7.0    34.1       ?     7.4       ?       ?
      19        ?     7.8     7.1     7.8     7.1     7.1     6.8    14.6       ?     7.3       ?       ?
      20        ?     7.6    14.6     7.7     7.1     7.6     7.5    10.3       ?     7.2       ?       ?
      21        ?     7.3    10.1     7.7     7.4     8.5    10.6     9.7       ?     7.2       ?       ?
      22        ?     7.2     8.3     7.8     7.7     7.4    11.0    11.8       ?     7.4       ?       ?
      23        ?     7.1     8.0     7.8     7.5     7.1     8.2    15.8       ?    13.9       ?       ?
      24        ?     7.0     8.1     7.8     7.4     6.5    10.4    15.1       ?    18.9       ?    13.2
      25        ?     6.9       ?     7.8     7.4     6.8    11.1    10.8       ?     9.7       ?    51.8
      26        ?     6.9       ?     7.8     7.3     7.9    10.6    11.8       ?     8.5       ?    33.0
      27        ?     6.8       ?     7.8     7.3     8.9     9.3       ?       ?     8.8       ?    17.1
      28        ?     6.8       ?     7.8     7.3     7.3     8.0       ?       ?     8.3       ?    17.1
      29        ?     6.8       ?     7.8     9.0     8.1     7.7       ?       ?     9.2       ?    31.3
      30        ?               ?     7.8    10.0     9.0     7.4       ?       ?     8.8       ?    25.0
      31        ?               ?             8.9             7.4       ?             8.0            19.3

     Min        ?     6.8     6.2     7.7     7.1     6.4     6.8     6.9       ?     7.2     7.3    13.2       6.2
     Mean       ?    13.1     7.3     7.8     7.7     7.7     8.3    10.5       ?     9.0    13.4    26.0       9.6
     Max        ?    35.6    14.6     7.9    10.0     9.0    11.1    34.1       ?    18.9    30.4    51.8      51.8


Daily means        Year 2009        site 5621401 SG. SOKOR at KG. TEGAWAN, KELANTAN
Flow m3/s

     Day      Jan     Feb     Mar     Apr     May     Jun     Jul     Aug     Sep     Oct     Nov     Dec

       1     57.3       ?       ?       ?       ?     9.1     9.8    10.8     9.8     8.3     9.5    21.8
       2     95.7       ?       ?       ?       ?     9.0    10.0     9.9     9.0     8.2     9.5    38.6
       3    244.1       ?       ?       ?       ?     8.9     9.9     9.6    12.4     8.3     9.6    22.0
       4    235.3       ?       ?       ?       ?     8.9     9.6     9.7     9.9     8.6    14.2    19.9
       5    116.1       ?       ?       ?       ?     8.8     9.9     9.6     9.1     9.4    55.6    17.5
       6     43.0       ?       ?       ?     8.2     8.7     9.5     9.7     9.0     8.8    95.7    16.3
       7     28.9       ?       ?       ?     8.5     9.2     9.3     9.7     8.5     8.4    55.1    15.4
       8     24.3       ?       ?       ?     8.4     8.8     9.6     9.6     9.9    10.2    20.1    14.5
       9     21.1       ?       ?       ?     8.1     8.7     9.5     9.6     8.9     9.0    15.4    14.1
      10     19.2       ?       ?       ?     7.9     8.7     9.3     9.5     8.1     8.6    14.1    13.7
      11     17.7       ?       ?       ?     8.6     9.2     9.4    10.5     8.9     8.7    13.2    13.3
      12     16.8       ?       ?       ?     8.6     8.8     9.1     9.9    15.7     9.3    12.6    13.0
      13     16.3       ?       ?       ?     9.3     8.8     9.3    10.8     9.0     9.7    12.3    13.0
      14        ?       ?       ?       ?     9.8     9.1    10.1    10.1     8.7     9.7    12.8    13.0
      15        ?       ?       ?       ?     9.3     9.0     9.4    10.1     9.2     8.9    12.2    12.8
      16        ?       ?       ?       ?     9.0     9.0     9.2     9.9     8.7     9.3    12.0    12.7
      17        ?       ?       ?       ?     8.4     8.8     9.0     9.9     8.8     9.2    11.8    12.6
      18        ?       ?       ?       ?     8.6     8.8     9.0     9.9     8.6    10.9    15.5    12.7
      19        ?       ?       ?       ?     9.0     8.7     9.0     9.8     9.1     9.6    16.8    12.9
      20        ?       ?       ?       ?    10.7     8.6     8.9     9.5     8.5     9.1    22.5    12.9
      21        ?       ?       ?       ?     9.7     8.7     9.7     9.7     8.8     9.5    88.3    12.9
      22        ?       ?       ?       ?     8.7     9.5     9.4    10.6     9.0     9.7   112.2    12.8
      23        ?       ?       ?       ?     8.9     9.4     9.1    10.6     9.1    10.1   100.2    12.8
      24        ?       ?       ?       ?     8.8    10.5     9.1    10.0     8.7    10.1    70.6    12.8
      25        ?       ?       ?       ?     8.9     9.7     9.0     9.7     8.4    11.3    36.6    12.9
      26        ?       ?       ?       ?    10.0    10.6     9.0     9.4     8.3    15.0    21.5    13.0
      27        ?       ?       ?       ?     9.0     9.4    15.0     9.3     8.3    10.4    18.5    12.9
      28        ?       ?       ?       ?     8.6    11.7    15.2     9.1     8.3    10.7    16.8    13.4
      29        ?               ?       ?    10.0    11.5    10.4     9.3     8.3    11.0    15.9    13.6
      30        ?               ?       ?    10.9    11.2    10.4     9.9     8.2    11.8    15.7    13.4
      31        ?               ?             9.2            10.5    11.5             9.6            13.5

     Min     16.3       ?       ?       ?     7.9     8.6     8.9     9.1     8.1     8.2     9.5    12.6       7.9
     Mean    72.0       ?       ?       ?     9.0     9.3     9.9     9.9     9.2     9.7    31.2    15.1      16.0
     Max    244.1       ?       ?       ?    10.9    11.7    15.2    11.5    15.7    15.0   112.2    38.6     244.1


Daily means        Year 2010        site 5621401 SG. SOKOR at KG. TEGAWAN, KELANTAN
Flow m3/s

     Day      Jan     Feb     Mar     Apr     May     Jun     Jul     Aug     Sep     Oct     Nov     Dec

       1     13.5     9.3     8.4     8.2     6.7     6.6       ?       ?       ?       ?   121.5       ?
       2     14.0     9.2     8.4     8.1     6.6     6.3       ?       ?       ?       ?    21.4       ?
       3     14.1     9.2     8.4     8.5     6.5     6.3       ?       ?       ?       ?    22.9       ?
       4     14.3     9.1     8.3     8.5     6.5     6.3       ?       ?       ?       ?    31.5       ?
       5     14.2     9.0     8.3     8.4     6.4     6.8       ?       ?       ?       ?    21.4       ?
       6     13.7     9.0     8.2     8.1     6.4     6.4       ?       ?       ?       ?    16.1       ?
       7     13.1     9.0     8.2     8.1     6.4     6.2       ?       ?       ?       ?    13.9       ?
       8     13.0     9.0     8.2     8.1     6.3     6.2       ?       ?       ?       ?    13.2       ?
       9     12.8     8.9     8.2     8.1     6.3     6.2       ?       ?       ?       ?    12.8       ?
      10     12.1     8.9     8.2     8.1     6.3     6.1       ?       ?       ?       ?    17.3       ?
      11     12.0     8.9     8.1     8.0     6.2     6.1       ?       ?       ?       ?    16.2       ?
      12     11.9     8.8     8.2     7.9     6.2     5.9       ?       ?       ?       ?    17.0       ?
      13     11.8     8.8     8.5     7.9     6.2     5.8       ?       ?       ?       ?    13.4       ?
      14     11.5     8.7     8.4     7.9     6.3     5.7       ?       ?       ?       ?    12.8       ?
      15     11.3     8.7     8.2     7.9     7.5     6.3       ?       ?       ?       ?    12.2       ?
      16     11.1     8.7     8.1     7.9     7.2     7.9       ?       ?       ?       ?    13.2       ?
      17     11.0     8.7     8.1     8.0     6.8     8.7       ?       ?       ?       ?    12.8       ?
      18     10.8     9.5     8.2     7.9     6.6     7.6       ?       ?       ?       ?    11.6       ?
      19     10.8     8.9     8.2     7.8     6.5     6.4       ?       ?       ?       ?    11.5       ?
      20     10.6     8.7     8.7     7.8     6.5     6.2       ?       ?       ?       ?    13.4       ?
      21     10.8     8.7     8.7     7.8     6.4     6.6       ?       ?       ?       ?    15.3       ?
      22     12.5     8.5     8.6     7.8     6.4     6.3       ?       ?       ?       ?       ?       ?
      23     10.7     8.4     8.3     7.8     6.3     7.5       ?       ?       ?       ?       ?       ?
      24     10.3     8.4     8.2     7.8     7.0     8.4       ?       ?       ?       ?       ?    12.4
      25     10.1     8.6     8.1     7.8     7.4     8.0       ?       ?       ?       ?       ?    11.7
      26     10.0     8.6     8.0     7.8     6.5     7.5       ?       ?       ?       ?       ?    11.3
      27     10.9     8.5     8.0     7.8     6.3     6.7       ?       ?       ?       ?       ?    11.3
      28     10.0     8.5     8.0     7.8     6.3     6.4       ?       ?       ?       ?       ?    20.1
      29      9.7             8.1     7.8     6.3       ?       ?       ?       ?    10.8       ?    80.5
      30      9.5             8.9     6.9     6.7       ?       ?       ?       ?    11.2       ?    95.0
      31      9.4             8.7             7.0               ?       ?            38.5            88.0

     Min      9.4     8.4     8.0     6.9     6.2     5.7       ?       ?       ?    10.8    11.5    11.3       5.7
     Mean    11.7     8.8     8.3     7.9     6.5     6.7       ?       ?       ?    20.2    21.0    41.3      11.0
     Max     14.3     9.5     8.9     8.5     7.5     8.7       ?       ?       ?    38.5   121.5    95.0     121.5


Daily means        Year 2011        site 5621401 SG. SOKOR at KG. TEGAWAN, KELANTAN
Flow m3/s

     Day      Jan     Feb     Mar     Apr     May     Jun     Jul     Aug     Sep     Oct     Nov     Dec

       1     34.3    18.7     8.6    13.0     9.6     9.0    49.5     8.2    14.5    10.3    16.3       ?
       2     24.8    14.1     8.5    11.9     9.5     8.4    69.3     8.2    13.8    10.0    12.5       ?
       3     32.8    12.7     8.4    12.7     7.8     8.3   149.7     8.2    13.4     9.6    12.6       ?
       4     24.4    12.2     8.3    11.2     8.4     8.0   153.8     8.4    13.3     9.6    11.7       ?
       5     96.6    11.8     8.2    11.3     8.3     8.3   171.2     8.1    12.9    10.2    14.8       ?
       6    123.0    11.5     8.2    11.6     8.5     8.3   171.8     7.9    13.9    11.1    13.4       ?
       7     94.4    11.3     8.2    10.1     7.7     8.4   160.2     8.7    15.2    15.5    11.9       ?
       8     76.1    11.1     8.7     9.8     9.1    10.6   135.4    10.0    13.8    18.8    11.9       ?
       9     41.2    10.9    11.8     9.6    10.9    10.4   129.3     9.0    15.6    14.6    12.3       ?
      10     32.7    10.7     9.5    11.6     8.5    11.0   122.0     9.8    14.4    19.5    13.8       ?
      11     24.9    10.5    14.6    10.2     8.4    11.0    77.4     8.5    13.1    36.7    13.8       ?
      12     21.7    10.4    27.4     9.5     9.1    10.1     8.4     8.7    12.5    24.6    15.8       ?
      13     18.7    10.2    23.7     9.3     8.6    20.8     9.1    16.7    18.5    13.9    17.9       ?
      14     16.9    10.0    11.3     9.1     7.9    21.5     8.5    16.6    16.9    12.4    22.2       ?
      15     15.7    10.9    10.0     8.9     8.4    21.3     8.0    15.0    16.2    11.9    24.6    73.8
      16     14.8    10.7     9.3     8.8     8.0    13.0     8.5    12.8    19.5    11.2    24.1    99.9
      17     14.1     9.9     9.0     9.7     7.7    10.9    10.1    10.6    21.9    11.1    23.8   167.6
      18     13.5     9.7     8.9     9.5    11.0    11.0     9.0     9.5    22.2    10.7    22.9   217.1
      19     13.0     9.5     8.7     8.8     9.5    10.9     8.1     9.4    20.3    10.5    22.5   270.8
      20     12.6     9.4     8.7     8.8     8.5    10.5     7.8    10.1    19.1    10.3    23.3   291.0
      21     12.2     9.3     8.8     8.5     8.5    11.0     9.5     9.8    19.5    11.9    30.7   270.3
      22     11.9     9.9     8.5     8.3     9.4    11.9    15.2    11.2    18.6    10.8       ?   249.6
      23     11.6     9.6     8.4     8.2    10.3    11.7    12.9    18.2    19.0    11.6       ?   228.9
      24     12.2     9.2     8.4     8.1    22.7    12.1    11.5    15.6    18.8    10.5       ?   208.2
      25     13.0     9.0    11.9     8.0    13.8    12.9    10.6    20.5    17.5    10.4       ?   187.5
      26     12.5     8.9    11.9     8.0    11.1    18.9    11.2    13.7    17.0    10.2       ?   166.8
      27     37.5     8.8     9.6     7.9     9.5    18.0    11.2    11.7    16.7    10.6       ?   146.1
      28     71.0     8.7    22.0     7.8     8.8    25.4     9.5    12.8    11.5    10.2       ?   125.4
      29     55.1            53.4     7.7     8.5    28.8     8.9    12.5     9.6    10.9       ?   104.7
      30     34.7            40.2     7.6     8.3    38.9     8.7    11.7     9.7    21.4       ?    84.0
      31     28.5            19.9             8.4             8.5    19.5            17.2            63.3

     Min     11.6     8.7     8.2     7.6     7.7     8.0     7.8     7.9     9.6     9.6    11.7    63.3       7.6
     Mean    33.8    10.7    13.7     9.5     9.5    14.0    51.1    11.7    16.0    13.5    17.7   173.9      26.1
     Max    123.0    18.7    53.4    13.0    22.7    38.9   171.8    20.5    22.2    36.7    30.7   291.0     291.0


Daily means        Year 2012        site 5621401 SG. SOKOR at KG. TEGAWAN, KELANTAN
Flow m3/s

     Day      Jan     Feb     Mar     Apr     May     Jun     Jul     Aug     Sep     Oct     Nov     Dec

       1     42.6    14.0     8.4     7.6     8.6     7.2     5.8     5.8     4.8     5.7     4.7     4.8
       2     27.4    12.8    12.8     8.1     9.1     8.2     7.0     5.7     5.4     5.2     4.6     4.7
       3     17.1    11.1    13.4     7.3     8.6     7.7     6.8     5.9     5.2     5.1     4.9     4.9
       4     15.3    10.6     9.1     6.8     9.5     7.0     6.3     6.7     4.8     6.8     5.1     4.7
       5     14.2    10.3     8.8     6.9     8.6     6.8     6.2     6.9     5.1     5.4     6.2     4.6
       6     13.3    10.0     9.1    10.4     9.1     6.7     6.2     6.5     5.1     5.1     5.5     4.5
       7     12.9     9.7     8.2     7.3     8.7     6.6     5.9     7.8     4.9     4.8     4.9     4.5
       8     12.5     9.6     8.0     7.9     8.3     6.6     6.1     6.0     8.2     4.8     5.5     4.4
       9     14.7     9.4     7.9     7.5     9.0     6.5     6.0     6.8     7.4     5.1     5.8     4.5
      10     13.7    10.5     7.8    11.8     9.1     6.5     6.3     6.8     5.4     6.1     5.9     4.8
      11     40.9    11.9     7.7    10.2     8.2     6.4     5.8     5.9     5.3     5.6     5.6     5.0
      12    168.4     9.9     7.6     7.8    16.3     6.3     5.8     6.1     4.9     6.6     5.5     4.7
      13    214.0     9.2     7.5     8.4     9.9     6.3     6.8     8.9     4.8     5.9     4.9     5.3
      14    115.1     9.0     7.5     7.1     8.1     6.2     7.9     9.3     4.8     5.0     4.8     5.1
      15     41.0     8.9     7.3     7.8     7.7     6.1     6.3     7.3     4.8     5.2     4.7     6.1
      16     22.2    10.9     7.2     7.5     7.6     6.1     6.3     6.6     4.7     7.5     4.6     8.5
      17     29.2     9.7     7.1     7.3     8.1     6.0     9.0     8.3     4.7     6.3     4.6     6.9
      18     23.6     8.9     7.1     6.8     7.8     6.0    10.7     8.1     5.0     5.3     4.5     9.6
      19    108.9     8.9     7.0     8.2     7.4     6.0     7.3     6.3     5.4     5.6     4.6     8.1
      20     28.9     8.5     6.9    13.6     8.0     5.9     6.2     7.1     6.4     5.3     4.5     8.6
      21     20.3     8.2     6.9    13.3     7.9     6.8    10.6    16.0     6.9     5.2     4.5     8.3
      22     16.6     8.1     7.1     7.6     8.0     6.5     8.4    31.0     6.8     7.8     4.5    11.3
      23     14.9     8.0     7.6     7.3     8.5     6.0     6.6     8.1     5.7     5.9     4.4    15.8
      24     13.8     7.9     7.1     8.8     8.5     6.1     6.6     5.8     5.4     5.3     5.1   207.5
      25     13.1     7.7     6.8     9.4     7.7     6.0     6.2     5.8     4.8     5.1     4.8   225.0
      26     12.9     7.8     8.2    10.2     7.1     6.1     6.4     5.5     4.6     5.0     5.5   115.9
      27     12.7     7.8     7.6    11.1     7.1     6.9     6.1     5.1     4.7     4.8     5.3    31.7
      28     12.2     7.7     6.8     9.4    10.8     6.4     6.3     5.0     4.5     4.7     4.9    14.9
      29     12.0     7.8     7.3    14.8     9.1     5.9     6.4     5.1     4.9     4.7     6.4    11.7
      30     11.9             9.1    10.7     8.6     5.8     5.9     5.6     5.4     4.6     5.3    11.8
      31     11.8             9.4             8.0             5.8     4.9             4.6            44.9

     Min     11.8     7.7     6.8     6.8     7.1     5.8     5.8     4.9     4.5     4.6     4.4     4.4       4.4
     Mean    36.4     9.5     8.1     9.0     8.7     6.5     6.8     7.6     5.4     5.5     5.1    26.2      11.3
     Max    214.0    14.0    13.4    14.8    16.3     8.2    10.7    31.0     8.2     7.8     6.4   225.0     225.0


Daily means        Year 2013        site 5621401 SG. SOKOR at KG. TEGAWAN, KELANTAN
Flow m3/s

     Day      Jan     Feb     Mar     Apr     May     Jun     Jul     Aug     Sep     Oct     Nov     Dec

       1     75.4     5.6    25.1     8.2     7.1     6.9       ?     7.5     9.9     9.3    10.0    34.5
       2     42.4     5.6    19.1     8.5     7.1     6.7       ?     8.3     9.2    11.4     9.1    48.2
       3    135.9     5.7    17.0     8.2     9.4     6.9       ?     8.1     8.8    14.8     9.9   174.5
       4     64.7     6.4    15.2     8.1     7.3    11.5       ?     7.9     8.7    11.0     8.9   266.3
       5     26.9     6.8    14.2     8.1     7.5    25.1       ?     9.0     9.2     9.4     9.3   221.0
       6     16.3     7.3    13.5     8.7     7.9    17.8       ?     8.9     9.5     8.9    19.6    90.7
       7     13.0     7.2    14.2     8.2     8.7     8.9       ?     7.3    10.6    10.3    11.5    33.2
       8     11.5     7.1    12.9     7.9     8.5     8.5       ?    10.1    22.7     8.4    11.0    28.0
       9     11.1     7.0    12.2     7.8     7.3     9.3       ?     9.2    15.3     9.7    14.5    60.0
      10     10.1     6.9    11.8     8.9     7.5       ?       ?     8.4    10.5     9.0    12.2   105.9
      11      9.3     7.2    11.5     8.5     7.5       ?       ?     8.3     9.6     8.9    10.2    59.4
      12      8.8    29.8    11.2     8.1     8.4       ?       ?     7.7    13.2     9.0    10.0    29.4
      13      8.3    49.8    10.9     7.8     7.9       ?       ?     7.8    13.8     8.5    10.4    23.7
      14      7.9    16.8    10.6     8.0    10.3       ?       ?     7.5    14.2     8.7     9.1    23.2
      15      7.6    20.1    10.7     9.0    12.7       ?       ?     7.8    11.7     8.8     9.0    20.7
      16      7.3    12.5    11.0     8.4     9.1       ?       ?     8.2    10.4     9.6     8.7    23.8
      17      7.0    10.8    10.4     9.1    20.7       ?       ?    12.0     9.6     9.3     9.1    28.9
      18      7.0    10.4    10.0     8.2    10.1       ?       ?    17.0     9.2     8.7     8.7       ?
      19      6.9     9.8     9.8     7.7    10.2       ?       ?    14.4     8.9     8.9    13.8       ?
      20      6.9     9.3     9.6     7.6     9.5       ?       ?    10.3     8.7    10.1    23.1       ?
      21      9.1     9.1     9.7     7.4     8.1       ?       ?    10.2     8.5    10.0    13.0       ?
      22      7.7     8.9     9.6     7.3     7.6       ?     6.4    11.2     8.3    10.9    11.0       ?
      23      7.2     9.4     9.3     7.2     7.4       ?     6.3    10.1     8.2     9.7    11.4       ?
      24     10.4    67.9     9.1     7.2     7.3       ?     6.3     9.4     8.1    11.4    11.1       ?
      25      6.7   102.7     9.0     8.0     7.1       ?     6.6     9.3     8.2    21.9     9.9       ?
      26      6.3   257.6     8.9     8.1     7.0       ?     6.8     9.4     8.0    15.0     9.5       ?
      27      6.0   164.7     8.8     7.8     7.0       ?     7.5    10.1     9.7    11.8     9.8       ?
      28      5.9    45.5     8.6     9.5     7.2       ?     7.1    13.4     8.5    11.8    10.8       ?
      29      5.8             8.5     8.1     7.3       ?     7.1    15.6     8.0    10.0    13.2       ?
      30      5.7             8.4     7.2     7.6       ?    10.1    32.4     7.8     8.9    38.3       ?
      31      5.7             8.3             7.3             8.6    13.6             8.6               ?

     Min      5.7     5.6     8.3     7.2     7.0     6.7     6.3     7.3     7.8     8.4     8.7    20.7       5.6
     Mean    18.1    32.4    11.6     8.1     8.6    11.3     7.3    10.7    10.2    10.4    12.2    74.8      16.5
     Max    135.9   257.6    25.1     9.5    20.7    25.1    10.1    32.4    22.7    21.9    38.3   266.3     266.3


Daily means        Year 2014        site 5621401 SG. SOKOR at KG. TEGAWAN, KELANTAN
Flow m3/s

     Day      Jan     Feb     Mar     Apr     May     Jun     Jul     Aug     Sep     Oct     Nov     Dec

       1     14.8    13.0    10.1     9.2     8.0     9.2     8.7     8.6    11.5     9.7    20.0       ?
       2     14.8    13.2    10.0     9.1     8.5     9.0     9.4     8.2    12.5    10.8    30.4       ?
       3     39.9    12.8     9.8    10.2     8.9     9.7    10.7     9.3    12.4    12.2    21.4       ?
       4     17.3    12.5    10.6    11.5     8.5    14.1    11.3     8.6    12.3    13.5       ?       ?
       5     16.8    12.7    10.6    11.1     8.5    12.3    14.5     9.4    11.8    11.5       ?       ?
       6     15.7    12.6     9.5     9.6     8.6    10.6    11.7    12.7    10.7    10.3       ?       ?
       7     14.8    12.3     9.4     9.4     8.6     9.3     9.7    11.2    10.4    10.0       ?       ?
       8     14.4    12.2     9.4     9.3     8.7     8.7     9.2    10.0    10.2     9.9       ?       ?
       9     15.7    11.9     9.8     9.3     8.4     9.2     8.7    10.1    10.0     9.9       ?       ?
      10     25.2    11.7    10.4     9.2     8.4     9.6     8.6     9.0     9.9    16.8       ?       ?
      11    235.8    11.6    10.2     9.2     8.3    10.4    10.3    12.2    10.2    18.8       ?       ?
      12    177.2    11.6     9.4     9.1     8.4     9.9     9.4    16.9    10.2    13.4       ?       ?
      13     52.6    11.4     8.8     9.0    10.3     9.3     8.7    14.2    10.9    12.5       ?       ?
      14     31.2    11.3     8.8     9.3     9.0     8.9     8.4    14.8    10.7    12.0       ?       ?
      15     25.1    11.5    12.0     9.1     8.5     8.3     9.1    19.7    10.4    11.3       ?       ?
      16     22.2    12.0    17.0     8.7     8.7     8.3     9.1    13.0    10.7    11.2       ?       ?
      17     20.7    11.5    12.4     8.6     8.9     8.2    10.7    14.2     9.8    12.8       ?       ?
      18     19.4    10.7    10.0     8.9     9.5     8.1     9.4    13.3     9.9    13.9       ?       ?
      19     18.5    10.5     9.6     9.5     9.5     8.1     8.7    14.8     9.6    14.2       ?       ?
      20     17.6    10.4     9.3    12.6     8.6     8.1     8.5    17.0     9.5    14.2       ?       ?
      21     17.0    10.3     9.3     9.8     9.1     8.0     8.3    13.1    10.6    11.8       ?       ?
      22     16.2    10.4     9.2     9.0     9.4     8.2     8.5    11.0    11.0    11.8       ?       ?
      23     15.8    10.4     9.4     8.8     9.1     8.2     8.1    12.4    13.0    15.3       ?       ?
      24     15.4    10.4     9.3     8.5     9.4     8.0     7.7    11.4    11.5    22.4       ?       ?
      25     15.1    10.3     9.2     8.2     9.4     7.9     8.1    13.3    10.3    19.6       ?       ?
      26     14.5    10.3     9.1     8.1     8.7     8.3     8.4    15.5     9.8    13.3       ?       ?
      27     14.5    10.3     9.3     8.3     8.9     9.0     7.9    13.9     9.7    12.5       ?       ?
      28     14.0    10.9     9.3     8.3     9.1     8.8     9.7    11.3     9.5    12.0       ?       ?
      29     13.4             9.3     8.1     9.3     8.5    11.1    10.8     9.3    15.6       ?       ?
      30     13.5             9.1     8.2     8.8     8.5     9.2    11.0     9.6    14.1       ?       ?
      31     13.0             9.2             9.6             8.9    11.4            12.7               ?

     Min     13.0    10.3     8.8     8.1     8.0     7.9     7.7     8.2     9.3     9.7    20.0       ?       7.7
     Mean    31.4    11.5    10.0     9.2     8.9     9.1     9.4    12.3    10.6    13.2    23.9       ?      12.7
     Max    235.8    13.2    17.0    12.6    10.3    14.1    14.5    19.7    13.0    22.4    30.4       ?     235.8


Daily means        Year 2015        site 5621401 SG. SOKOR at KG. TEGAWAN, KELANTAN
Flow m3/s

     Day      Jan     Feb     Mar     Apr     May     Jun     Jul     Aug     Sep     Oct     Nov     Dec

       1        ?       ?       ?       ?       ?       ?       ?       ?       ?       ?       ?    12.5
       2        ?       ?       ?       ?       ?       ?       ?       ?       ?       ?       ?    11.2
       3        ?       ?       ?       ?       ?       ?       ?       ?       ?       ?       ?    11.2
       4        ?       ?       ?       ?       ?       ?       ?       ?       ?       ?       ?    10.9
       5        ?       ?       ?       ?       ?       ?       ?       ?       ?       ?       ?     9.7
       6        ?       ?       ?       ?       ?       ?       ?       ?       ?       ?       ?    10.6
       7        ?       ?       ?       ?       ?       ?       ?       ?       ?       ?       ?    10.4
       8        ?       ?       ?       ?       ?       ?       ?       ?       ?       ?       ?    14.7
       9        ?       ?       ?       ?       ?       ?       ?       ?       ?       ?       ?    11.2
      10        ?       ?       ?       ?       ?       ?       ?       ?       ?       ?       ?    10.0
      11        ?       ?       ?       ?       ?       ?       ?       ?       ?       ?       ?     9.5
      12        ?       ?       ?       ?       ?       ?       ?       ?       ?       ?       ?     8.9
      13        ?       ?       ?       ?       ?       ?       ?       ?       ?       ?       ?     8.7
      14        ?       ?       ?       ?       ?       ?       ?       ?       ?       ?       ?     9.9
      15        ?       ?       ?       ?       ?       ?       ?       ?       ?       ?       ?     9.4
      16        ?       ?       ?       ?       ?       ?       ?       ?       ?       ?       ?     8.2
      17        ?       ?       ?       ?       ?       ?       ?       ?       ?       ?       ?    14.2
      18        ?       ?       ?       ?       ?       ?       ?       ?       ?       ?       ?    14.8
      19        ?       ?       ?       ?       ?       ?       ?       ?       ?       ?       ?    11.3
      20        ?       ?       ?       ?       ?       ?       ?       ?       ?       ?       ?     9.6
      21        ?       ?       ?       ?       ?       ?       ?       ?       ?       ?       ?     9.0
      22        ?       ?       ?       ?       ?       ?       ?       ?       ?       ?       ?     8.7
      23        ?       ?       ?       ?       ?       ?       ?       ?       ?       ?       ?     9.3
      24        ?       ?       ?       ?       ?       ?       ?       ?       ?       ?       ?    10.0
      25        ?       ?       ?       ?       ?       ?       ?       ?       ?       ?     7.6     9.1
      26        ?       ?       ?       ?       ?       ?       ?       ?       ?       ?     7.3     8.7
      27        ?       ?       ?       ?       ?       ?       ?       ?       ?       ?    29.9    56.1
      28        ?       ?       ?       ?       ?       ?       ?       ?       ?       ?    18.2   143.6
      29        ?               ?       ?       ?       ?       ?       ?       ?       ?    16.6    90.4
      30        ?               ?       ?       ?       ?       ?       ?       ?       ?    13.7    29.6
      31        ?               ?               ?               ?       ?               ?            16.6

     Min        ?       ?       ?       ?       ?       ?       ?       ?       ?       ?     7.3     8.2       7.3
     Mean       ?       ?       ?       ?       ?       ?       ?       ?       ?       ?    15.6    19.6      19.0
     Max        ?       ?       ?       ?       ?       ?       ?       ?       ?       ?    29.9   143.6     143.6


Daily means        Year 2016        site 5621401 SG. SOKOR at KG. TEGAWAN, KELANTAN
Flow m3/s

     Day      Jan     Feb     Mar     Apr     May     Jun     Jul     Aug     Sep     Oct     Nov     Dec

       1     24.3     7.2       ?       ?     4.6     7.4     5.5     5.5     5.7     5.2    11.8    16.7
       2     18.3     7.2       ?       ?     4.6     5.7     5.3     5.4     5.5     5.2     8.7    52.7
       3     13.9     8.4       ?     5.2     4.6     5.9     5.8     5.3     5.4     5.1     8.3    16.8
       4     12.8     9.3       ?     5.2     4.7     5.6     5.2     5.3     6.1     7.2    11.1    13.0
       5     11.6    12.6       ?     5.1     4.7     5.1     5.5     5.2     6.9     9.5    12.9    12.5
       6     11.0    14.3       ?     5.1     4.6     5.0     9.8     5.5     5.6     8.6    11.3    12.8
       7     10.5    13.8       ?     5.1     4.6     5.9     8.7     5.7     5.4     7.0    14.0    12.1
       8     10.1    10.7       ?     5.0     4.8     5.7     6.3     6.1     5.4     9.1    12.5    12.0
       9      9.7     8.7       ?     5.0     4.6     5.4     5.6     7.3     5.9     9.7     9.5    12.1
      10      9.5     8.1       ?     5.0     4.5     5.2     5.4     9.4     6.4     6.9     8.5    12.0
      11      9.2     7.9       ?     4.9     4.5     4.9     6.1    10.3     6.3     6.0    10.2    13.9
      12      8.9     8.1       ?     4.9     4.4     5.5     6.2     9.1     5.6     5.7    14.3    13.1
      13      8.7     8.9       ?     4.9     4.4     6.1     6.1     9.0     5.4     5.6    12.2    11.6
      14      8.6     8.5       ?     4.8     4.5     6.2     8.5     6.5     6.5     5.4     9.9    11.1
      15      8.5     7.5       ?     4.9     4.6     8.8     5.9     5.8    11.2     5.4     9.5     9.5
      16     10.8     7.3       ?     4.9     4.6    14.8     8.7     5.6    10.0     5.3    11.2     8.9
      17     10.2     7.1       ?     5.0     4.5    15.1     8.7     5.5     8.6     5.2     9.6     8.6
      18      8.5     7.2       ?     4.9     7.2    11.9     6.4     5.4     7.8     5.3     9.7    10.0
      19      7.9     7.9       ?     4.8     7.5     9.8     6.6     5.4     6.4     5.4     9.4    16.4
      20      7.6     7.5       ?     4.8     5.5     6.7     6.1     6.2     6.1     6.4    17.2    22.8
      21      7.8     6.9       ?     4.8     5.4     5.9     6.4     6.8     7.5     8.5    14.7    14.0
      22     11.0     6.7       ?     4.7     4.9     5.6     5.7     6.0     8.7    10.8    10.5    12.0
      23      8.7     6.6       ?     4.7     4.7     8.3     5.5     5.9     6.5     8.9     9.2    14.2
      24      7.6     6.6       ?     4.6     4.7     8.4     5.4     6.2     5.8     6.7     8.4    22.2
      25      7.8     6.5       ?     4.6     4.8     6.1     7.3     7.6     5.8     5.8     7.9    15.1
      26     11.0     6.5       ?     4.7     4.6     7.8    11.5     5.8     6.1     6.7     9.7    13.3
      27     10.4       ?       ?     4.7     4.9     8.4    10.1     7.4     5.6     8.6    10.1    12.5
      28      9.1       ?       ?     4.7     5.5     6.0     7.4    11.2     5.4     6.7     8.4    11.9
      29      8.5       ?       ?     4.7     6.3     5.6     6.5     8.7     5.3     6.4     9.4    11.2
      30      7.9               ?     4.6     6.2     5.5     5.9     6.5     5.3    10.7     9.1    25.1
      31      7.5               ?            10.2             5.6     5.9            13.6           349.6

     Min      7.5     6.5       ?     4.6     4.4     4.9     5.2     5.2     5.3     5.1     7.9     8.6       4.4
     Mean    10.2     8.4       ?     4.9     5.2     7.1     6.8     6.7     6.5     7.2    10.6    25.8       9.1
     Max     24.3    14.3       ?     5.2    10.2    15.1    11.5    11.2    11.2    13.6    17.2   349.6     349.6


Daily means        Year 2017        site 5621401 SG. SOKOR at KG. TEGAWAN, KELANTAN
Flow m3/s

     Day      Jan     Feb     Mar     Apr     May     Jun     Jul     Aug     Sep     Oct     Nov     Dec

       1    208.8    20.6    10.4    12.3     6.8     9.5     9.4     8.7     9.7    15.6    10.0    77.3
       2    182.7    18.1    10.4    13.3     6.7    10.1     9.3     8.0     9.0    12.8    12.2    62.8
       3    225.7    16.6    10.5    12.0     6.6    13.5    11.9     7.5     8.4    12.2    12.7    37.4
       4     97.9    15.9     9.2    10.2     6.6    14.2    15.4     8.3     8.3    19.9    15.9    32.2
       5     45.0    14.6     8.9     9.8     6.5    10.3    14.3     7.2     8.2    13.7    14.2    36.7
       6     33.7    13.5     8.7     9.4     6.4     9.7     9.4     7.2     8.0    11.6    16.4    40.8
       7     28.0    12.9     8.6     9.1     6.4     9.0     9.2     9.0     8.6    10.9    14.5    41.1
       8     22.5    12.4     8.4     8.8     6.4     8.5    10.1     8.7     8.5    10.5    19.5    31.2
       9     18.4    12.0     8.3     8.3     6.4     8.1     9.8     9.4     7.7    11.7    24.4    25.6
      10     16.2    11.6     8.2     8.4     6.4     8.0     8.5     9.6     8.2    13.4    17.4    21.2
      11     14.7    11.4     8.1     8.4     6.9     8.7    13.3    10.3    10.0    11.2    15.2    18.6
      12     13.8    11.1     8.0     7.8     7.6     8.2     9.8     9.5     8.6    12.2    17.1    17.3
      13     13.2    11.0     7.9     7.3     8.3     8.3     8.8    12.2     9.6    12.0    13.4    16.2
      14     12.7    10.8     7.8     7.3     8.6     8.7     8.4     9.8     9.7    10.6    13.7    15.4
      15     12.2    10.8     7.7     7.3     8.5     7.6     8.1     9.5    11.1    10.1    12.7    14.7
      16     11.9    10.8     7.6     7.3     7.1     7.5     8.0     9.3    11.1     9.8    11.9    14.1
      17     11.8    10.1     7.5     7.3     6.7     8.7     7.7     8.3     9.8     9.6    11.5    13.6
      18     12.1    11.1     7.5     7.2     8.1     8.9     7.6     7.8     9.6     9.4    11.1    13.6
      19     31.7    11.5     7.4     7.4     9.3     7.6     7.7     7.6     7.8    10.5    10.8    13.1
      20     36.6    10.0     9.9     7.7     8.8     7.6     7.5     9.0     7.7     9.8    15.8    13.3
      21     94.6     9.6     9.5     7.2     9.1     7.6     7.4     9.8     7.7     9.3    13.0    12.8
      22    120.7     9.4     8.0     7.4     9.7     7.7    10.0     9.4     7.7     9.4    11.3    12.6
      23     71.2     9.4     7.5     7.1    13.3     7.8     8.4     8.1     7.6     9.3    11.7    15.7
      24     98.5     9.3     7.4     7.0    14.6     8.0     7.5     8.6     7.6     9.1    11.1    14.2
      25    225.0     9.3     7.3     7.4    12.0     8.1     8.9    15.3     8.6     9.1    14.5    12.4
      26    225.5    11.3     8.9     7.9    10.1     7.8     8.7    21.1    20.7     9.9    47.7    12.0
      27    258.9    11.5     8.2     7.5     9.0     8.9     7.5    11.6    39.2    13.1    72.6    11.9
      28    180.8    10.1     9.0     7.1     8.7     7.8     7.3    10.7    24.6    14.0   260.0    11.9
      29     60.9             8.9     7.1    12.4    12.8     7.7     9.7    16.4    11.2   173.1    22.0
      30     30.9             8.5     7.0    11.3    10.0     8.0     9.0    13.1    13.7    49.7    15.5
      31     24.8             7.7            12.1             8.2     8.6            11.3            17.2

     Min     11.8     9.3     7.3     7.0     6.4     7.5     7.3     7.2     7.6     9.1    10.0    11.9       6.4
     Mean    78.8    12.0     8.4     8.3     8.6     9.0     9.2     9.6    11.1    11.5    31.8    23.0      18.5
     Max    258.9    20.6    10.5    13.3    14.6    14.2    15.4    21.1    39.2    19.9   260.0    77.3     260.0


Daily means        Year 2018        site 5621401 SG. SOKOR at KG. TEGAWAN, KELANTAN
Flow m3/s

     Day      Jan     Feb     Mar     Apr     May     Jun     Jul     Aug     Sep     Oct     Nov     Dec

       1    108.7    11.6     9.0     7.4    13.6     8.5     7.7     8.3    10.2     8.7       ?    13.1
       2    158.1    12.0     9.0     7.4    10.9     7.6     7.6     7.9    14.1     8.4       ?    12.0
       3    119.3    11.4     8.9     7.5     8.7     7.2     7.4     7.7    12.1     8.5       ?    15.4
       4     83.7    11.3     8.8     7.3     8.1     7.1     7.6     7.5    11.9     9.5       ?    17.1
       5     37.1    11.1     8.7     7.2     7.8     7.0     8.0     7.4     9.8     9.2       ?    31.6
       6     22.6    10.9     8.7     7.2     7.7     6.9     7.4     7.2    11.7    10.2       ?    19.2
       7     19.4    10.8     8.8     7.1     8.4     7.9     7.1     7.2    11.7     9.3       ?    14.7
       8     17.5    10.6     9.0     7.9     9.8     8.3     7.1     7.1     9.7    10.2       ?    13.2
       9     16.9    10.5     8.7     7.5     8.8     7.9     7.0     7.1     8.8    11.7       ?    12.5
      10     15.3    10.4     8.7     7.9     7.8     7.1     7.1     7.2    10.4    10.1       ?    12.9
      11     16.0    10.3     8.5     7.8     7.6     7.0     6.9     7.1    21.8     9.4       ?    13.2
      12     37.6    10.2     8.4     7.4     7.4     6.9     6.8     7.4    17.0     9.5       ?    38.4
      13     30.5    10.3     8.3     7.2     7.5     6.8     6.7     6.9    12.1     9.1       ?    58.5
      14     19.0    10.4     8.2     9.8     7.5     6.7     6.7     6.8    11.1     8.9       ?    42.7
      15     15.9    10.0     8.7     8.4     7.4     6.7     6.7     6.8    10.1     8.6       ?    52.7
      16     15.0     9.9     8.7     7.4     7.1     6.7     6.6     6.7     9.3     8.7       ?    34.8
      17     14.3     9.8     8.3     7.2     7.0     6.8     6.6     6.7     9.4    11.1       ?    37.7
      18     13.7     9.7     8.1     7.1     7.0     7.4     6.6     6.6    16.4    11.7       ?    28.9
      19     13.8     9.7     8.0     7.1     7.0     6.8     6.7     6.7    11.0     9.6       ?    22.6
      20     16.1     9.6     7.9     7.0     6.9     8.3     6.6     8.4    12.8     9.0       ?    19.5
      21     14.6     9.5     7.9     6.9     6.9    10.6     6.8     9.2    10.6    12.2       ?    18.3
      22     13.3     9.4     7.8     6.9     6.9     8.2     6.6    11.3     9.9    11.3       ?    16.4
      23     17.2     9.6     9.0     6.8     7.0     7.7     6.5    10.0     9.3     9.2       ?    15.3
      24     14.7    11.5     9.5     9.3     7.0     8.2     7.7     7.7     8.9     9.1       ?    14.5
      25     13.4     9.7     8.1    13.1     6.8     7.9     8.2     7.3     8.7       ?       ?    13.8
      26     12.8     9.4     7.9    13.2     7.4     8.1     9.1     7.2     8.9       ?       ?    13.3
      27     12.6     9.2     7.8     8.9     7.2     7.3    12.4     7.0    10.5       ?       ?    14.5
      28     12.3     9.1     7.7     8.0     6.8     7.2    20.3    11.3    12.0       ?       ?    18.0
      29     12.1             7.6    10.3     8.9    11.5    18.2    11.6    10.2       ?    10.7    13.2
      30     11.8             7.5    11.4     7.9     9.1    11.5     8.9     8.9       ?    12.9    12.5
      31     11.6             7.5            10.2             9.1     9.9               ?            13.2

     Min     11.6     9.1     7.5     6.8     6.8     6.7     6.5     6.6     8.7     8.4    10.7    12.0       6.5
     Mean    30.2    10.3     8.4     8.2     8.0     7.7     8.3     7.9    11.3     9.7    11.8    21.7      12.1
     Max    158.1    12.0     9.5    13.2    13.6    11.5    20.3    11.6    21.8    12.2    12.9    58.5     158.1


Daily means        Year 2019        site 5621401 SG. SOKOR at KG. TEGAWAN, KELANTAN
Flow m3/s

     Day      Jan     Feb     Mar     Apr     May     Jun     Jul     Aug     Sep     Oct     Nov     Dec

       1     12.5    10.3     8.7     9.4     7.8     7.6     7.8     8.3    10.2     8.7     9.6   194.8
       2     12.3    10.2     8.6     9.9     8.5     7.5     8.1     7.9    14.1     8.4    10.6   295.7
       3     13.9    10.6     8.5     8.0     7.4     7.5     8.6     7.7    12.1     8.5    10.8   108.3
       4     12.7    10.3     8.5     7.8     7.3     7.2     7.8     7.5    11.9     9.5    13.5    38.6
       5     11.9    10.0     8.4     7.6     7.2     8.0     7.6     7.4     9.8     9.2    13.8    26.7
       6     13.1     9.9     8.3     7.4     6.7    11.9     7.6     7.2    11.7    10.2    13.3    22.8
       7     13.0     9.8     8.3     7.4     7.2     9.6     7.4     7.2    11.7     9.3    13.2    21.2
       8     14.1     9.8     8.2     7.4     6.8     8.1     7.2     7.1     9.7    10.2    15.9    23.7
       9     13.8     9.7     8.2     7.3     6.9     7.9     7.0     7.1     8.8    10.4    15.8    21.6
      10     12.9     9.6     8.2     7.2     6.9     8.0     7.1     7.2    10.4    11.9    14.5    20.1
      11     12.0     9.5     8.1     7.2     7.0     8.4     6.9     7.1    21.8    10.9    13.0    17.8
      12     12.7     9.5     8.1     7.3     7.6     9.2     6.8     7.4    17.0    10.8    13.1    16.7
      13     13.0    10.8     8.0     7.2     7.3     7.8     6.7     6.9    12.1    11.5    15.6    16.0
      14     12.0    10.6     7.9     7.4     9.9     7.8     6.7     6.8    11.1    10.6    12.9    19.2
      15     11.5     9.6     7.9     7.3     8.5     8.1     6.7     6.8    10.1    10.2    12.0    18.4
      16     12.3     9.5     7.8     7.0     8.1     8.4     6.6     6.7     9.3     9.7    11.5    48.2
      17     18.1     9.4     7.8     7.0     8.0     9.7     6.6     6.7     9.4    10.9    11.0    72.1
      18     14.4     9.3     7.8     6.9     8.2    12.6     6.6     6.6    16.4    10.2    10.8   274.8
      19     12.8     9.4     7.7     6.8     8.9    10.9     6.7     6.7    11.0     9.8    11.9   119.4
      20     12.0     9.3     7.7     6.8     7.5     9.6     6.6     8.4    12.8    10.0    11.0    45.0
      21     11.6     9.1     7.6     6.8     7.4     9.4     6.8     9.2    10.6     9.8    10.7    31.9
      22     11.3     9.1     7.6     6.7     7.5     9.2     6.6    11.3     9.9     9.6    16.4    25.9
      23     11.2     9.0     7.6     6.9     7.2     8.9     6.5    10.0     9.3     9.5    14.1    22.5
      24     11.0     8.9     7.5     6.9     7.2     9.5     7.7     7.7     8.9     9.8    12.6    20.2
      25     10.8     8.8     7.5     6.7     9.4     9.1     8.2     7.3     8.7     9.8    13.8    18.5
      26     10.7     8.8     7.5     6.7     8.5     9.5     9.1     7.2     8.9     9.6    12.3    17.1
      27     10.6     8.8     7.5    10.7     8.4    10.8    12.4     7.0    10.5     9.7    15.7    16.0
      28     10.7     8.7     7.6    10.2     9.0     8.6    20.3    11.3    12.0     9.6    18.1    15.2
      29     10.5             7.4     8.6     8.9     8.1    18.2    11.6    10.2     9.2    81.7    14.5
      30     10.4             7.8     9.1     7.8     7.9    11.5     8.9     8.9     9.2    89.5    13.8
      31     10.3             8.5             7.9             9.1     9.9             9.6            13.4

     Min     10.3     8.7     7.4     6.7     6.7     7.2     6.5     6.6     8.7     8.4     9.6    13.4       6.5
     Mean    12.3     9.6     8.0     7.6     7.8     8.9     8.4     7.9    11.3     9.9    18.0    52.6      13.6
     Max     18.1    10.8     8.7    10.7     9.9    12.6    20.3    11.6    21.8    11.9    89.5   295.7     295.7


Daily means        Year 2020        site 5621401 SG. SOKOR at KG. TEGAWAN, KELANTAN
Flow m3/s

     Day      Jan     Feb     Mar     Apr     May     Jun     Jul     Aug     Sep     Oct     Nov     Dec

       1     13.1     9.6     9.3     7.6     7.5     5.8       ?       ?       ?       ?       ?       ?
       2     13.2     9.6     9.2     7.7     7.5     5.6       ?       ?       ?       ?       ?       ?
       3     12.9     9.3     9.1     8.1     7.2     5.7       ?       ?       ?       ?       ?       ?
       4     12.4     9.2     9.0     7.9    10.6     5.5       ?       ?       ?       ?       ?       ?
       5     12.1     9.2     9.0     7.8     9.6     5.6       ?       ?       ?       ?       ?       ?
       6     11.8     9.2     9.0     7.7     7.8     5.7       ?       ?       ?       ?       ?       ?
       7     11.6     9.1     9.0     7.6     7.5     5.6       ?       ?       ?       ?       ?       ?
       8     12.7     9.0     8.8     7.5     7.6     5.6       ?       ?       ?       ?       ?       ?
       9     11.4     9.5     8.7     7.4     7.7     5.8       ?       ?       ?       ?       ?       ?
      10     11.1    23.0     8.7     7.3     8.6     5.6       ?       ?       ?       ?       ?       ?
      11     10.9    38.0     8.6     7.3     7.8     5.6       ?       ?       ?       ?       ?       ?
      12     10.7    16.7     8.5     7.3     7.1     5.3       ?       ?       ?       ?       ?       ?
      13     10.6    13.2     8.5     7.5     7.1     5.4       ?       ?       ?       ?       ?       ?
      14     10.5    11.6     8.5     7.3     7.2       ?       ?       ?       ?       ?       ?       ?
      15     10.3    10.9     8.5     7.4     7.2       ?       ?       ?       ?       ?       ?       ?
      16     10.2    10.5     8.3     7.4     6.9       ?       ?       ?       ?       ?       ?       ?
      17     10.5    10.5     8.2     7.2     6.6       ?       ?       ?       ?       ?       ?       ?
      18     12.8    11.6     8.2     7.2     6.8       ?       ?       ?       ?       ?       ?       ?
      19     12.2    10.4     8.2     7.2     6.8       ?       ?       ?       ?       ?       ?       ?
      20     11.6    10.0     8.1     7.2     6.5       ?       ?       ?       ?       ?       ?       ?
      21     11.0     9.9     8.0     7.3     6.6       ?       ?       ?       ?       ?       ?       ?
      22     10.8    10.2     8.5     7.2     6.5       ?       ?       ?       ?       ?       ?       ?
      23     10.6    11.5     8.5     7.4     6.0       ?       ?       ?       ?       ?       ?       ?
      24     10.3    10.9     8.1     7.4     5.9       ?       ?       ?       ?       ?       ?       ?
      25     10.0    10.0     8.1     7.6     6.1       ?       ?       ?       ?       ?       ?       ?
      26      9.9     9.8     7.9     8.0     5.9       ?       ?       ?       ?       ?       ?       ?
      27      9.8     9.6     7.9     7.4     5.9       ?       ?       ?       ?       ?       ?       ?
      28      9.7     9.5     7.8     8.1     6.0       ?       ?       ?       ?       ?       ?       ?
      29      9.6     9.4     7.7     8.6     5.7       ?       ?       ?       ?       ?       ?       ?
      30      9.5             7.6     7.7     5.6       ?       ?       ?       ?       ?       ?       ?
      31      9.5             7.6             5.6               ?       ?               ?               ?

     Min      9.5     9.0     7.6     7.2     5.6     5.3       ?       ?       ?       ?       ?       ?       5.3
     Mean    11.1    11.8     8.4     7.5     7.0     5.6       ?       ?       ?       ?       ?       ?       8.9
     Max     13.2    38.0     9.3     8.6    10.6     5.8       ?       ?       ?       ?       ?       ?      38.0

End of process
